world: Archive
x: 2.8051944523959405
y: 62.0
z: 1.2611345284929947
yaw: -180.74817
pitch: 3.2998781
name: archive
