world: world
x: 929.4498045415369
y: 64.0
z: -2052.9719977179766
yaw: -359.55176
pitch: 1.349989
name: arena
