world: world
x: 823.8255288087453
y: 64.0
z: 1497.4336944570618
yaw: -0.46279502
pitch: 0.5131282
name: Castle
