world: Ellesmera
x: -474.9077086747599
y: 34.0
z: -640.8914920038205
yaw: 73.194855
pitch: 10.200004
name: oldspawn
