world: Archive
x: -35.856446112318984
y: 84.0
z: -40.907076487238825
yaw: -273.15
pitch: 12.450022
name: owner
