world: arena
x: 803.1971114311029
y: 32.0
z: -1214.6615085951967
yaw: -350.99915
pitch: -2.2500596
name: spawn2
