world: Ellesmera
x: -531.6475339845063
y: 67.0
z: -594.1399130065704
yaw: 248.69543
pitch: 86.99996
name: Terana
