jails: 
  lava: 
    world: world
    x: 1077.7455217215422
    y: 16.0
    z: 1325.9100601426055
    yaw: -13.808014
    pitch: 26.399979
  evil: 
    world: world_nether
    x: 48.076330511552285
    y: 32.0
    z: 70.63786324259615
    yaw: -34.13946
    pitch: 44.999916
