id=18
owner=mcnugget09
title=17
world=Ellesmera
x=-497.24762603700015
y=67.0
z=-656.0090396068057
pitch=10.199998
yaw=-81.90021
assignee=*
log=Closed by monkeypuddles
