id=9
owner=mcnugget09
title=7
world=realm
x=4033.2875771988406
y=65.0
z=-4039.365516856385
pitch=6.600003
yaw=-306.219
assignee=*
log=Closed by mcnugget09
