health: 20
foodlevel: 10
exhaustion: 3.5777268
saturation: 0.0
level: 4
exp: 0.9411764
potioneffects: []
