health: 20
foodlevel: 20
exhaustion: 1.2244928
saturation: 0.0
level: 5
exp: 0.47058845
potioneffects: []
