health: 20
foodlevel: 20
exhaustion: 3.404199
saturation: 0.0
level: 0
exp: 0.11764706
potioneffects: []
