timestamps:
  login: 1345246728670
  lastteleport: 1341714116276
  logout: 1345246813039
ipAddress: 59.167.136.106
lastlocation:
  world: SkyBlockMultiplayer
  x: 2.844883572289186
  y: 88.0
  z: 4.496518352461232
  yaw: 279.89407
  pitch: 29.97036
money: 125.0
