timestamps:
  login: 1348330775588
  lastteleport: 1348331063184
  logout: 1348331398895
ipAddress: 201.170.211.125
lastlocation:
  world: world
  x: -38.31130910119156
  y: 91.0
  z: 825.0157777282208
  yaw: 123.77368
  pitch: 46.199974
money: 1500.0
