timestamps:
  login: 1357175796431
  logout: 1357175864531
ipAddress: 135.0.22.69
lastlocation:
  world: realm
  x: 4010.699999988079
  y: 65.0
  z: -4013.300000011921
  yaw: 9.981627
  pitch: -79.19997
afk: false
money: 1500.0
