timestamps:
  login: 1346519423467
  logout: 1346519649814
ipAddress: 72.78.97.207
lastlocation:
  world: world
  x: 241.51695932943807
  y: 65.0
  z: 405.24233633519515
  yaw: 257.87656
  pitch: 83.4
money: 1500.0
