lastlocation:
  world: bastion
  x: 0.3080846103470492
  y: 2.0
  z: 1.5652400505804667
  yaw: -61.524624
  pitch: 23.319445
timestamps:
  login: 1363834002415
  logout: 1363835971748
ipAddress: 98.253.103.217
logoutlocation:
  world: bastion
  x: -159.67418468948128
  y: 65.0
  z: -174.04785124818594
  yaw: -285.84357
  pitch: 55.790596
