lastlocation:
  world: world
  x: 237.76573555025146
  y: 138.0
  z: 337.69999998807907
  yaw: -0.614563
  pitch: 21.000004
timestamps:
  login: 1350649279115
  logout: 1350649378442
ipAddress: 108.28.117.159
money: 1500.0
