timestamps:
  login: 1346853573032
  logout: 1346853839408
ipAddress: 78.70.69.220
lastlocation:
  world: world
  x: 239.8113228349538
  y: 102.0
  z: 340.3837653217768
  yaw: -109.66907
  pitch: 4.949974
money: 1500.0
