lastlocation:
  world: world
  x: 1301.0
  y: 97.0
  z: 610.0
  yaw: 0.0
  pitch: 0.0
timestamps:
  login: 1361648334198
  logout: 1361648486846
ipAddress: 68.127.147.18
logoutlocation:
  world: Ellesmera
  x: -580.9124299981453
  y: 68.0
  z: -689.562443412181
  yaw: 150.14975
  pitch: 12.749941
