timestamps:
  login: 1353087088940
  lastteleport: 1353087218554
  logout: 1353087315596
ipAddress: 88.104.157.170
lastlocation:
  world: world
  x: 226.64744403312008
  y: 154.0
  z: 325.36725703745793
  yaw: 101.373665
  pitch: -21.299973
money: 1500.0
