timestamps:
  login: 1346624622229
  logout: 1346624720209
ipAddress: 75.65.152.186
lastlocation:
  world: world
  x: 235.7450511622584
  y: 140.0
  z: 341.27392732774973
  yaw: -358.66473
  pitch: -18.299994
money: 1500.0
