timestamps:
  login: 1345990610006
  logout: 1345990826921
  lastteleport: 1345476036194
ipAddress: 82.45.226.63
lastlocation:
  world: world
  x: 31.929634012173118
  y: 64.0
  z: 490.8828223341757
  yaw: 121.66382
  pitch: -1.3500348
ban:
  reason: 'Banned: grief'
money: 1500.0
