timestamps:
  login: 1341971300850
  logout: 1341971339002
ipAddress: 96.229.129.103
lastlocation:
  world: world
  x: 1274.0420813763487
  y: 96.0
  z: 617.3530840058631
  yaw: 145.65288
  pitch: 4.050019
money: 1500.0
