timestamps:
  login: 1364045750082
  logout: 1364051895117
  lastteleport: 1364051715566
ipAddress: 74.166.70.232
lastlocation:
  world: world
  x: 960.2076715541855
  y: 63.0
  z: 131.7676776516426
  yaw: -183.2724
  pitch: 9.000019
homes:
  home:
    world: world
    x: 959.1005585072876
    y: 63.0
    z: 133.4770338707754
    yaw: -243.87265
    pitch: 14.951972
money: 1623.7168996374007
logoutlocation:
  world: world_nether
  x: 615.2596568741247
  y: 37.0
  z: 149.57344483103833
  yaw: 109.41549
  pitch: 21.014387
