timestamps:
  login: 1364002914263
  logout: 1364002968811
  lastteleport: 1363991038259
ipAddress: 74.166.70.232
lastlocation:
  world: world
  x: 951.6042928071279
  y: 64.0
  z: 123.53607557155073
  yaw: -148.02258
  pitch: 39.25197
homes:
  home:
    world: world
    x: 959.1005585072876
    y: 63.0
    z: 133.4770338707754
    yaw: -243.87265
    pitch: 14.951972
money: 1623.7168996374007
logoutlocation:
  world: bastion
  x: -196.92883520581543
  y: 65.0
  z: 89.45512387482083
  yaw: 120.44994
  pitch: 24.0
