timestamps:
  login: 1361812415168
  logout: 1361814300559
  lastteleport: 1361813853550
ipAddress: 66.110.221.162
lastlocation:
  world: Ellesmera
  x: -822.667133070014
  y: 58.0
  z: -1438.7064113659471
  yaw: -358.1579
  pitch: 19.03199
homes:
  home:
    world: world
    x: 959.1005585072876
    y: 63.0
    z: 133.4770338707754
    yaw: -243.87265
    pitch: 14.951972
money: 1623.7168996374007
logoutlocation:
  world: world
  x: 961.6999999880791
  y: 63.0
  z: 133.5893753519458
  yaw: 54.927002
  pitch: 13.65
