timestamps:
  login: 1363126890592
  logout: 1363127279729
  lastteleport: 1363126971942
ipAddress: 74.166.70.232
lastlocation:
  world: world
  x: 951.6779903725306
  y: 64.0
  z: 121.10765426765197
  yaw: -229.62253
  pitch: 13.601982
homes:
  home:
    world: world
    x: 959.1005585072876
    y: 63.0
    z: 133.4770338707754
    yaw: -243.87265
    pitch: 14.951972
money: 1623.7168996374007
logoutlocation:
  world: world
  x: 881.1544843855165
  y: 64.0
  z: 1341.1965096776664
  yaw: -335.53683
  pitch: 4.499998
