timestamps:
  login: 1362957904910
  logout: 1362957931695
  lastteleport: 1362957925147
ipAddress: 74.166.70.232
lastlocation:
  world: arena
  x: 129.3323649426531
  y: 32.0
  z: 85.26749929808526
  yaw: -235.12837
  pitch: 10.800013
homes:
  home:
    world: world
    x: 959.1005585072876
    y: 63.0
    z: 133.4770338707754
    yaw: -243.87265
    pitch: 14.951972
money: 1623.7168996374007
logoutlocation:
  world: world
  x: 959.5
  y: 63.0
  z: 133.5
  yaw: -243.87265
  pitch: 14.951972
