timestamps:
  login: 1362093771804
  logout: 1362094048090
  lastteleport: 1362093258581
ipAddress: 74.166.70.232
lastlocation:
  world: Ellesmera
  x: -822.8887630464861
  y: 58.0
  z: -1437.5062554949948
  yaw: 12.9871855
  pitch: 16.799992
homes:
  home:
    world: world
    x: 959.1005585072876
    y: 63.0
    z: 133.4770338707754
    yaw: -243.87265
    pitch: 14.951972
money: 1623.7168996374007
logoutlocation:
  world: world
  x: 986.1557650618304
  y: 66.0
  z: 50.620284013827344
  yaw: -105.27265
  pitch: 29.801964
