timestamps:
  login: 1363190831289
  logout: 1363191114515
  lastteleport: 1363190989206
ipAddress: 66.110.221.162
lastlocation:
  world: world
  x: 842.0482308056619
  y: 64.0
  z: 1430.5141831638757
  yaw: -198.16278
  pitch: 13.113129
homes:
  home:
    world: world
    x: 959.1005585072876
    y: 63.0
    z: 133.4770338707754
    yaw: -243.87265
    pitch: 14.951972
money: 1623.7168996374007
logoutlocation:
  world: world
  x: 959.1263557077516
  y: 63.0
  z: 133.1260181013178
  yaw: 79.52731
  pitch: 4.1519737
