timestamps:
  login: 1364067886789
  logout: 1364067984147
  lastteleport: 1364051715566
ipAddress: 74.166.70.232
lastlocation:
  world: world_nether
  x: 614.8527083497554
  y: 37.0
  z: 149.5027583791484
  yaw: 101.01549
  pitch: 19.664387
homes:
  home:
    world: world
    x: 959.1005585072876
    y: 63.0
    z: 133.4770338707754
    yaw: -243.87265
    pitch: 14.951972
money: 1623.7168996374007
logoutlocation:
  world: bastion
  x: -169.1337570418181
  y: 65.0
  z: 95.18014029960854
  yaw: 7.2000017
  pitch: 40.35
