timestamps:
  login: 1361928142178
  logout: 1361929149090
  lastteleport: 1361928059534
ipAddress: 74.166.70.232
lastlocation:
  world: world
  x: 930.6021927815589
  y: 62.166109260938214
  z: 118.30000001192093
  yaw: -176.86845
  pitch: 19.625154
homes:
  home:
    world: world
    x: 959.1005585072876
    y: 63.0
    z: 133.4770338707754
    yaw: -243.87265
    pitch: 14.951972
money: 1623.7168996374007
logoutlocation:
  world: world
  x: 960.3322424452582
  y: 63.0
  z: 133.41526694335872
  yaw: -232.47273
  pitch: 7.9019594
