timestamps:
  login: 1363547018151
  logout: 1363547644086
  lastteleport: 1363547181025
ipAddress: 74.166.70.232
lastlocation:
  world: bastion
  x: -323.9587123542266
  y: 80.6143559654765
  z: -102.90956635795494
  yaw: 198.59999
  pitch: 90.0
homes:
  home:
    world: world
    x: 959.1005585072876
    y: 63.0
    z: 133.4770338707754
    yaw: -243.87265
    pitch: 14.951972
money: 1623.7168996374007
logoutlocation:
  world: world
  x: 896.8228352837527
  y: 59.151524455183065
  z: 94.82626624922744
  yaw: 212.66518
  pitch: 8.907227
