timestamps:
  login: 1361843420828
  logout: 1361843428242
  lastteleport: 1361840966579
ipAddress: 74.166.70.232
lastlocation:
  world: Ellesmera
  x: -825.6258547983865
  y: 17.0
  z: -1403.240168542613
  yaw: -258.7884
  pitch: -5.2450886
homes:
  home:
    world: world
    x: 959.1005585072876
    y: 63.0
    z: 133.4770338707754
    yaw: -243.87265
    pitch: 14.951972
money: 1623.7168996374007
logoutlocation:
  world: Ellesmera
  x: -682.3721801494895
  y: 7.0
  z: -1428.377372167306
  yaw: -90.9613
  pitch: 8.700001
