timestamps:
  login: 1345848183060
  lastteleport: 1342983249271
  logout: 1345848200750
  mute: 1500743519649
ipAddress: 64.231.222.252
lastlocation:
  world: world
  x: 1301.366277398607
  y: 97.0
  z: 618.6325290615533
  yaw: 188.90105
  pitch: 27.78736
muted: true
money: 1200.0
