timestamps:
  login: 1357365912270
  logout: 1357366046912
  lastteleport: 1357365990168
ipAddress: 24.3.45.155
lastlocation:
  world: Ellesmera
  x: -531.6999999880791
  y: 65.0
  z: -570.1332000616374
  yaw: 130.42853
  pitch: 12.227673
money: 1500.0
