timestamps:
  login: 1362957186078
  logout: 1362957345801
  lastteleport: 1362957215704
ipAddress: 24.3.45.155
lastlocation:
  world: Ellesmera
  x: -522.1665259768466
  y: 65.0
  z: -574.5003455590988
  yaw: -188.25253
  pitch: 15.975389
money: 1500.0
logoutlocation:
  world: arena
  x: 823.3423543240076
  y: 32.0
  z: -1222.653493111762
  yaw: 273.13257
  pitch: 27.456339
