timestamps:
  login: 1342874248805
  lastteleport: 1342480372268
  logout: 1342874290654
ipAddress: 98.237.42.85
lastlocation:
  world: world
  x: -998.4227700219694
  y: 13.99789179154453
  z: 686.6968316890998
  yaw: -86.76349
  pitch: -16.176693
money: 1516.0
