timestamps:
  login: 1349281975208
  logout: 1349282005975
ipAddress: 85.200.49.8
lastlocation:
  world: world
  x: 251.70262906587624
  y: 102.5
  z: 324.19147697148395
  yaw: 271.78656
  pitch: 11.850005
money: 1500.0
