timestamps:
  login: 1342821667267
  lastteleport: 1342822159695
  logout: 1342822208830
ipAddress: 97.103.145.191
afk: false
lastlocation:
  world: world
  x: 1301.5
  y: 97.0
  z: 610.5
  yaw: -0.0026900978
  pitch: -1.6499954
money: 3220.1587023816382
