timestamps:
  login: 1345981883687
  logout: 1345981939664
ipAddress: 71.46.113.46
lastlocation:
  world: void
  x: 0.3438758586018703
  y: 44.0
  z: 21.30000001192093
  yaw: 352.6498
  pitch: -28.95
money: 1500.0
