timestamps:
  login: 1343423539209
  lastteleport: 1343429037896
  logout: 1343429690250
ipAddress: 74.46.7.229
lastlocation:
  world: world
  x: 990.0139828327103
  y: 19.0
  z: 1279.1494390192345
  yaw: -202.47215
  pitch: 15.600006
money: 2790.784030511344
