timestamps:
  login: 1349229070637
  logout: 1349229076857
ipAddress: 74.38.128.178
lastlocation:
  world: world
  x: 234.54244193249303
  y: 102.5
  z: 336.9936468774526
  yaw: 192.42342
  pitch: 18.600027
money: 1500.0
