timestamps:
  login: 1350192824346
  logout: 1350193360080
ipAddress: 76.16.21.144
lastlocation:
  world: world
  x: 248.1720074237275
  y: 127.0
  z: 329.5677125017652
  yaw: -164.71155
  pitch: 6.942659
money: 1500.0
