timestamps:
  login: 1348431403897
  logout: 1348431743836
  lastteleport: 1348431563755
ipAddress: 72.199.105.150
lastlocation:
  world: Pern
  x: 214.801760066029
  y: 72.81207103967748
  z: 257.29745374794675
  yaw: 219.89685
  pitch: 90.0
money: 1500.0
