lastlocation:
  world: world
  x: 234.3240679593152
  y: 102.53584062504456
  z: 322.33211122528576
  yaw: -109.658714
  pitch: 16.575047
timestamps:
  login: 1350007588540
  logout: 1350007590449
ipAddress: 67.191.103.214
money: 1500.0
