timestamps:
  login: 1346622122654
  logout: 1346622291191
ipAddress: 24.91.195.32
lastlocation:
  world: world
  x: 221.63583515620078
  y: 140.0
  z: 325.12294180046035
  yaw: -278.42645
  pitch: 8.867992
money: 1500.0
