timestamps:
  login: 1347680205005
  logout: 1347681323451
ipAddress: 207.216.135.179
lastlocation:
  world: SkyBlockMultiplayer
  x: 44.66756720608118
  y: 1.0
  z: 45.10907121498332
  yaw: -173.85913
  pitch: 13.230705
money: 1500.0
