timestamps:
  login: 1349033560070
  logout: 1349035700124
ipAddress: 206.45.38.129
lastlocation:
  world: world
  x: 131.30000001192096
  y: 65.0
  z: 134.44243881239478
  yaw: 330.4319
  pitch: 3.5795517
money: 1500.0
