lastlocation:
  world: world
  x: 378.0
  y: 77.0
  z: -140.0
  yaw: -11.249999
  pitch: 17.999996
timestamps:
  login: 1349527855097
  logout: 1349527865742
ipAddress: 72.92.143.245
ban:
  reason: 'Banned: Grief'
money: 1500.0
