lastlocation:
  world: Ellesmera
  x: -481.9235489507728
  y: 34.0
  z: -648.8138309741155
  yaw: -267.29214
  pitch: -9.75
timestamps:
  login: 1358621387950
  logout: 1358621452568
ipAddress: 24.203.17.207
