timestamps:
  login: 1349193220095
  logout: 1349194216775
ipAddress: 2.248.130.45
lastlocation:
  world: world
  x: 1466.7559573709955
  y: 17.0
  z: -8.706926048174502
  yaw: 306.1489
  pitch: 19.649939
afk: false
money: 1500.0
