timestamps:
  login: 1355605775330
  logout: 1355605808329
  lastteleport: 1345289835397
ipAddress: 79.160.148.45
lastlocation:
  world: world
  x: 234.23005308300492
  y: 102.5
  z: 312.49161989171364
  yaw: -170.42741
  pitch: 13.0500145
nickname: §aa§bn§cd§de§er§as§bc§cr§da§ef§ft
money: 1500.0
