lastlocation:
  world: realm
  x: 419.3659134886557
  y: 55.0
  z: 437.96226641225826
  yaw: -20.586243
  pitch: 8.104307
timestamps:
  login: 1358083528521
  lastteleport: 1353246270751
  logout: 1358083655579
ipAddress: 74.190.213.146
money: 1500.0
