timestamps:
  login: 1355122299054
  lastteleport: 1355122316763
  logout: 1355122346102
ipAddress: 212.179.213.163
lastlocation:
  world: world
  x: 230.87649052217805
  y: 154.0
  z: 325.05847130265215
  yaw: -74.82746
  pitch: 25.97047
money: 1500.0
