lastlocation:
  world: Ellesmera
  x: -484.6143755810335
  y: 34.0
  z: -635.8370566099873
  yaw: -182.27773
  pitch: -5.8031025
timestamps:
  login: 1359848674798
  logout: 1359848707065
ipAddress: 77.103.35.6
