timestamps:
  login: 1348842856452
  logout: 1348842860148
ipAddress: 94.222.112.84
lastlocation:
  world: world
  x: 188.37541954844394
  y: 70.0
  z: -97.09306141111523
  yaw: 174.77441
  pitch: 20.55
money: 1500.0
