timestamps:
  login: 1347750100154
  logout: 1347750108368
  lastteleport: 1347746680850
ipAddress: 58.179.108.73
lastlocation:
  world: world
  x: 296.64920931523466
  y: 46.0
  z: 472.69999998807907
  yaw: 271.38544
  pitch: 45.59999
homes:
  home:
    world: world
    x: 296.69999998807907
    y: 47.0
    z: 483.69999998807907
    yaw: 133.82544
    pitch: 10.799996
ban:
  reason: 'Banned: hacking'
money: 0.0
