timestamps:
  login: 1350076446044
  lastteleport: 1350073531940
  logout: 1350074593714
ipAddress: 24.57.99.64
lastlocation:
  world: world
  x: 386.4913218446755
  y: 75.0
  z: -1215.72279856983
  yaw: 250.08862
  pitch: 7.350241
money: 1500.0
