lastlocation:
  world: world
  x: 244.3232887533461
  y: 67.0
  z: 362.21782952613773
  yaw: 253.00653
  pitch: 1.5854836E-5
timestamps:
  login: 1358365364274
  lastteleport: 1358365414489
  logout: 1358366370807
ipAddress: 108.223.61.25
