timestamps:
  login: 1350794203554
  logout: 1350797526563
ipAddress: 97.82.141.171
lastlocation:
  world: world
  x: 237.92850908230193
  y: 66.0
  z: 283.16062771257987
  yaw: -183.68262
  pitch: 16.200006
afk: false
money: 1500.0
