timestamps:
  login: 1340862405091
  lastteleport: 1340862812229
  logout: 1340863144971
ipAddress: 121.72.145.43
lastlocation:
  world: skylands
  x: -329.30000001192093
  y: 57.0
  z: -1554.5830295951655
  yaw: 291.29898
  pitch: 11.699999
money: 1500.0
