timestamps:
  login: 1345377959983
  logout: 1345378050692
ipAddress: 87.69.180.33
lastlocation:
  world: world
  x: 232.92500001192093
  y: 149.5
  z: 322.30000001192093
  yaw: 253.93524
  pitch: 6.600031
money: 1500.0
