timestamps:
  login: 1347152507490
  lastteleport: 1346609825521
  logout: 1346609880500
ipAddress: 99.70.245.185
lastlocation:
  world: world
  x: 1304.1377785114514
  y: 97.0
  z: 647.197556399656
  yaw: 187.05
  pitch: 14.099993
money: 1500.0
