timestamps:
  login: 1351037213922
  logout: 1351037632847
  lastteleport: 1351037359786
ipAddress: 201.165.248.214
lastlocation:
  world: Notra
  x: 1516.6362500253624
  y: -147.6574598607316
  z: 463.84306184963754
  yaw: -111.451904
  pitch: -90.0
money: 1500.0
