timestamps:
  login: 1347651571750
  logout: 1347651605675
ipAddress: 86.158.26.130
lastlocation:
  world: world
  x: 238.07499998807907
  y: 143.73584067272827
  z: 328.83814718387725
  yaw: -94.514435
  pitch: 43.500004
money: 1500.0
