lastlocation:
  world: world
  x: 416.58172883405086
  y: 64.78608123157454
  z: -62.30000001192093
  yaw: 157.84293
  pitch: 29.174397
timestamps:
  login: 1357317774487
  logout: 1357318153031
ipAddress: 92.22.105.122
money: 1500.0
