timestamps:
  login: 1341989457830
  lastteleport: 1341989463624
  logout: 1341989916980
ipAddress: 83.233.131.197
lastlocation:
  world: SkyBlockMultiplayer
  x: -99.56211608625118
  y: 64.0
  z: -46.59054955547256
  yaw: -93.301346
  pitch: 52.79999
money: 1500.0
