timestamps:
  login: 1340212069702
  lastteleport: 1340212625401
  logout: 1340212861989
ipAddress: 68.196.74.8
lastlocation:
  world: world
  x: 1379.699999988079
  y: 61.0
  z: 593.3000000119209
  yaw: 92.552574
  pitch: 8.399966
money: 0.0
