timestamps:
  login: 1345525006473
  logout: 1345525024902
ipAddress: 72.182.5.52
lastlocation:
  world: world
  x: 249.30000001192093
  y: 160.0
  z: 324.9451611101207
  yaw: 85.18561
  pitch: 27.75
money: 1500.0
