timestamps:
  login: 1345408848731
  logout: 1345408854289
  lastteleport: 1345229362852
ipAddress: 64.126.52.61
lastlocation:
  world: world
  x: 234.998040933667
  y: 102.5
  z: 328.0691320037393
  yaw: -15.776562
  pitch: -1.0499986
nickname: §aa§bu§cs§dt§ei§fn§a5§b3§c7
money: 1502.0
