timestamps:
  login: 1353130682752
  lastteleport: 1353131403426
  logout: 1353131444968
ipAddress: 76.172.13.164
lastlocation:
  world: world
  x: 225.9134405473615
  y: 140.0
  z: 318.1757961659612
  yaw: -179.08507
  pitch: 14.642312
money: 1500.0
