timestamps:
  login: 1348266054456
  lastteleport: 1348196334147
  logout: 1348266307155
ipAddress: 99.89.109.183
lastlocation:
  world: world
  x: 234.3240679593152
  y: 103.0
  z: 322.33211122528576
  yaw: -3.7765627
  pitch: 14.550012
money: 1500.0
