lastlocation:
  world: Ellesmera
  x: -684.452812946237
  y: 68.0
  z: -673.1226692206417
  yaw: 103.35019
  pitch: -6.600019
timestamps:
  login: 1359247186199
  lastteleport: 1359247288238
  logout: 1359247431743
ipAddress: 76.125.77.42
