lastlocation:
  world: realm
  x: 1545.718535583278
  y: 59.0
  z: 267.5295981350039
  yaw: -121.08447
  pitch: 14.063271
timestamps:
  login: 1363296070600
  logout: 1363297449224
  lastteleport: 1363297292541
  mute: 0
ipAddress: 208.102.102.155
afk: false
muted: false
homes:
  home:
    world: realm
    x: 1577.6249623015262
    y: 58.0
    z: 230.98630748097372
    yaw: -348.48224
    pitch: 14.549932
godmode: false
money: 1038844.6001683146
logoutlocation:
  world: realm
  x: 1488.2319945959891
  y: 73.0
  z: 309.0506461548561
  yaw: -218.8512
  pitch: 29.321884
