lastlocation:
  world: realm
  x: 1585.308856349088
  y: 58.0
  z: 232.5947634719319
  yaw: 230.51855
  pitch: 29.699997
timestamps:
  login: 1362762791543
  logout: 1362768291995
  lastteleport: 1362767882067
  mute: 0
ipAddress: 166.252.39.196
afk: false
muted: false
homes:
  home:
    world: realm
    x: 1577.6249623015262
    y: 58.0
    z: 230.98630748097372
    yaw: -348.48224
    pitch: 14.549932
godmode: false
money: 1038844.6001683146
logoutlocation:
  world: realm
  x: 1553.2487390367837
  y: 60.0
  z: 245.5703344141494
  yaw: 49.467865
  pitch: -54.14999
