lastlocation:
  world: realm
  x: 1585.308856349088
  y: 58.0
  z: 232.5947634719319
  yaw: 230.51855
  pitch: 29.699997
timestamps:
  login: 1363041263973
  logout: 1363041322354
  lastteleport: 1362767882067
  mute: 0
ipAddress: 70.220.35.176
afk: false
muted: false
homes:
  home:
    world: realm
    x: 1577.6249623015262
    y: 58.0
    z: 230.98630748097372
    yaw: -348.48224
    pitch: 14.549932
godmode: false
money: 1038844.6001683146
logoutlocation:
  world: realm
  x: 1577.4306579915433
  y: 58.0
  z: 237.92489044096365
  yaw: 204.8679
  pitch: 24.750021
