lastlocation:
  world: skyworld
  x: -109.11145511132499
  y: 125.0
  z: -220.56306285730025
  yaw: -58.34997
  pitch: 47.7
timestamps:
  login: 1362092785660
  logout: 1362093049670
  lastteleport: 1361982899104
  mute: 0
ipAddress: 208.102.102.155
afk: false
muted: false
homes:
  home:
    world: realm
    x: 1577.6249623015262
    y: 58.0
    z: 230.98630748097372
    yaw: -348.48224
    pitch: 14.549932
godmode: false
money: 1037860.5418116549
logoutlocation:
  world: realm
  x: 1557.574999988079
  y: 58.3125
  z: 221.42500001192093
  yaw: 239.50542
  pitch: 29.399994
