timestamps:
  login: 1346708298726
  logout: 1346709060846
ipAddress: 99.22.249.110
lastlocation:
  world: world
  x: 152.8797009388853
  y: 54.0
  z: 222.6232764338504
  yaw: -57.435986
  pitch: 25.64999
ban:
  reason: 'Banned: stealing'
money: 1500.0
