lastlocation:
  world: world
  x: 172.7085905930607
  y: 64.0
  z: 209.7911095032328
  yaw: -98.367615
  pitch: 11.183271
timestamps:
  login: 1346676770088
  logout: 1346677440402
ipAddress: 85.229.32.107
money: 1500.0
