timestamps:
  login: 1341686771319
  logout: 1341686774909
  lastteleport: 1340569557488
ipAddress: 71.207.76.104
afk: false
homes:
  home:
    world: world
    x: -372.8060344142265
    y: 82.0
    z: 467.1438129534742
    yaw: -171.64111
    pitch: 43.96504
lastlocation:
  world: world
  x: -352.49414115623165
  y: 63.55321338701522
  z: 452.81306261216235
  yaw: 40.523083
  pitch: -0.04220829
money: 1923.5793500000007
