timestamps:
  login: 1343002086065
  logout: 1343006235645
  lastteleport: 1343005543662
ipAddress: 72.222.181.200
lastlocation:
  world: world
  x: 1301.5
  y: 97.0
  z: 610.5
  yaw: 4.19731
  pitch: 1.5000045
money: 1500.0
