timestamps:
  login: 1341678004427
  logout: 1341679217544
  lastteleport: 1341678359857
ipAddress: 24.26.8.215
money: 53550.671390408854
lastlocation:
  world: world
  x: 555.5868143561138
  y: 66.0
  z: 52.563103560166965
  yaw: -358.6521
  pitch: 14.55003
afk: false
