timestamps:
  login: 1349118823629
  logout: 1349119080592
ipAddress: 94.15.188.158
lastlocation:
  world: world
  x: 238.3000000119209
  y: 102.5
  z: 322.68544581982025
  yaw: -265.0603
  pitch: 6.8546877
money: 1500.0
