timestamps:
  login: 1351958455809
  lastteleport: 1346705858112
  logout: 1351958535276
ipAddress: 99.27.38.47
lastlocation:
  world: world
  x: 389.3554255956908
  y: 65.0
  z: 1140.316166831815
  yaw: 0.0
  pitch: 0.0
money: 1500.0
