timestamps:
  login: 1359731626734
  logout: 1359731935123
  lastteleport: 1359295584541
ipAddress: 84.2.158.221
lastlocation:
  world: realm
  x: 1833.7665505170348
  y: 76.0
  z: -3343.0740095404863
  yaw: -113.24979
  pitch: 3.5999904
