timestamps:
  login: 1348766396257
  logout: 1348766511932
ipAddress: 83.92.110.29
lastlocation:
  world: world
  x: 231.9850990263882
  y: 102.5
  z: 322.2289917165506
  yaw: 287.3735
  pitch: 47.100014
money: 1500.0
