timestamps:
  login: 1343768245652
  logout: 1343768352076
  lastteleport: 1343768347334
ipAddress: 85.189.113.80
lastlocation:
  world: world
  x: -490.9814928437496
  y: 63.0
  z: 258.142766570004
  yaw: 323.5774
  pitch: 3.599976
ban:
  reason: Temporarily banned from server for  5 minutes
  timeout: 1343050543185
money: 30825.192898751735
