timestamps:
  login: 1346216378836
  lastteleport: 1346215926649
  logout: 1346216721083
ipAddress: 67.5.208.80
lastlocation:
  world: world
  x: -697.5872446674643
  y: 60.0
  z: 709.3601342903034
  yaw: -252.71246
  pitch: 40.199955
afk: false
money: 1500.0
