timestamps:
  login: 1342022463777
  lastteleport: 1342022611475
  logout: 1342022788555
ipAddress: 173.59.125.79
lastlocation:
  world: world
  x: 1325.9219763996853
  y: 93.0
  z: 606.4861079233729
  yaw: 142.34969
  pitch: -0.7499938
