timestamps:
  login: 1345989758118
  logout: 1345990589316
ipAddress: 99.164.110.246
lastlocation:
  world: void
  x: 0.30000001192092896
  y: 44.0
  z: 23.69999998807907
  yaw: 250.80003
  pitch: -8.699976
money: 1500.0
