timestamps:
  login: 1345108852749
  lastteleport: 1345109791647
  logout: 1345109971335
ipAddress: 31.41.27.84
lastlocation:
  world: SkyBlockMultiplayer
  x: 149.99655846273527
  y: 64.0
  z: -0.01929548755288124
  yaw: -268.86694
  pitch: -2.3603659
afk: false
money: 1500.0
