lastlocation:
  world: world
  x: 240.11535615007045
  y: 111.5
  z: 312.62078447350405
  yaw: -151.64514
  pitch: 42.169075
timestamps:
  login: 1350741461272
  logout: 1350741580691
ipAddress: 109.76.165.64
money: 1500.0
