timestamps:
  login: 1346336036323
  logout: 1346336197067
ipAddress: 24.186.145.97
lastlocation:
  world: world
  x: 236.69639024601452
  y: 127.0
  z: 311.99822803578786
  yaw: -287.4148
  pitch: -6.2999983
money: 1500.0
