lastlocation:
  world: world
  x: 1301.0
  y: 97.0
  z: 610.0
  yaw: 0.0
  pitch: 0.0
timestamps:
  login: 1361984659720
  logout: 1361984742988
ipAddress: 184.56.243.83
logoutlocation:
  world: Ellesmera
  x: -472.8010327559525
  y: 70.0
  z: -562.8191658254403
  yaw: -49.04992
  pitch: 1.0499499
