lastlocation:
  world: world
  x: 232.48291584855505
  y: 145.0
  z: 326.1535972144924
  yaw: -16.964417
  pitch: 22.95001
timestamps:
  login: 1347664941923
  logout: 1347664976767
ipAddress: 173.168.244.250
money: 1500.0
