lastlocation:
  world: world
  x: 127.69999998807907
  y: 63.0
  z: 481.30000001192093
  yaw: -117.76844
  pitch: 34.68632
timestamps:
  login: 1354460394404
  logout: 1354460516818
ipAddress: 86.83.195.141
money: 1500.0
