timestamps:
  login: 1340440793718
  logout: 1340440803629
  lastteleport: 1340437958727
ipAddress: 108.195.236.247
lastlocation:
  world: world
  x: 1143.3400479273419
  y: 57.0
  z: -257.43506632232504
  yaw: 314.91272
  pitch: 13.20001
money: 900.0
