lastlocation:
  world: Pern
  x: -5198.5
  y: 82.23152379758702
  z: 5123.5
  yaw: 4.3126335
  pitch: 52.359776
timestamps:
  login: 1347139597554
  logout: 1347139901590
  lastteleport: 1347139810635
ipAddress: 50.101.221.197
money: 1500.0
