timestamps:
  login: 1350507033060
  logout: 1350507201338
  lastteleport: 1350506325290
ipAddress: 108.162.71.162
lastlocation:
  world: world
  x: 275.7093741904027
  y: 77.0
  z: 1015.6999999880791
  yaw: -304.0
  pitch: -24.0
money: 1500.0
