timestamps:
  login: 1346772478957
  logout: 1346772486801
ipAddress: 83.89.56.45
lastlocation:
  world: world
  x: 229.9095684988594
  y: 154.0
  z: 325.398342097993
  yaw: 268.42798
  pitch: 12.554403
money: 1500.0
