lastlocation:
  world: world
  x: 1301.0
  y: 97.0
  z: 610.0
  yaw: 0.0
  pitch: 0.0
timestamps:
  login: 1363639010386
  logout: 1363639088999
ipAddress: 80.2.3.44
logoutlocation:
  world: Ellesmera
  x: -469.51215059654044
  y: 66.0
  z: -572.7875105101266
  yaw: 338.2499
  pitch: 28.199968
