lastlocation:
  world: world
  x: 222.62451344939203
  y: 140.0
  z: 325.8639069141595
  yaw: -268.364
  pitch: 6.450026
timestamps:
  login: 1354391419304
  logout: 1354391497245
ipAddress: 174.60.86.4
money: 1500.0
