timestamps:
  login: 1343740531313
  logout: 1343740549390
  lastteleport: 1343148472416
ipAddress: 81.132.39.239
lastlocation:
  world: world
  x: 1195.300000011921
  y: 70.0
  z: 1631.5683648217735
  yaw: 186.42514
  pitch: 14.999998
money: 24172.32788455776
