timestamps:
  login: 1349292046717
  logout: 1349293136282
ipAddress: 2.97.97.29
lastlocation:
  world: Notra
  x: 1525.878175816005
  y: -212.09468398539428
  z: 407.24404580602584
  yaw: -123.12331
  pitch: 85.79999
money: 1500.0
