timestamps:
  login: 1346436690325
  logout: 1346436904598
ipAddress: 71.59.206.4
lastlocation:
  world: world
  x: 233.6045711010551
  y: 149.5
  z: 323.00406728047375
  yaw: 36.435528
  pitch: 48.15001
money: 1500.0
