timestamps:
  login: 1352584592634
  logout: 1352584674470
ipAddress: 24.255.184.197
lastlocation:
  world: world
  x: 240.45068748380277
  y: 71.70336623118402
  z: 343.69999998807907
  yaw: 0.62384033
  pitch: 86.30801
money: 1500.0
