timestamps:
  login: 1340051598190
  lastteleport: 1340052054073
  logout: 1340052169464
ipAddress: 174.95.13.26
lastlocation:
  world: world
  x: 1097.4465854756795
  y: 67.0
  z: -79.69940102039486
  yaw: -256.19955
  pitch: 2.7000055
money: 1500.0
