timestamps:
  login: 1345473957988
  lastteleport: 1345474520078
  logout: 1345474687750
ipAddress: 70.198.0.77
lastlocation:
  world: world
  x: 1607.915054673329
  y: 64.0
  z: -132.0282814586535
  yaw: -55.832695
  pitch: -12.767114
money: 1500.0
