timestamps:
  login: 1347837169573
  logout: 1347838499972
  lastteleport: 1347838180704
ipAddress: 67.175.39.91
lastlocation:
  world: SkyBlockMultiplayer
  x: 49.69999998807907
  y: 63.0
  z: -98.49414555420086
  yaw: -88.80002
  pitch: 38.25003
afk: false
money: 1500.0
