timestamps:
  login: 1342497410718
  lastteleport: 1342400799234
  logout: 1342497949278
ipAddress: 108.9.97.126
lastlocation:
  world: world_nether
  x: 29.21395590076795
  y: 52.0
  z: -17.4979173779007
  yaw: -185.3798
  pitch: 25.009743
money: 21297.58858715779
