lastlocation:
  world: world
  x: 273.9748747177075
  y: 76.0
  z: 68.20586466610033
  yaw: -103.59341
  pitch: 14.1661
timestamps:
  login: 1358735713266
  lastteleport: 1358736061230
  logout: 1358736480089
ipAddress: 76.100.237.164
