timestamps:
  login: 1357580054809
  logout: 1357580398045
ipAddress: 70.191.238.235
lastlocation:
  world: Ellesmera
  x: -532.0
  y: 67.0
  z: -590.036447932466
  yaw: -184.95
  pitch: 22.499996
money: 1500.0
