lastlocation:
  world: SkyBlockMultiplayer
  x: 246.56242411823962
  y: 4.0
  z: -47.59444989427016
  yaw: 88.949974
  pitch: -5.2500186
timestamps:
  login: 1350076089230
  lastteleport: 1350076288312
  logout: 1350076350332
ipAddress: 96.233.129.116
money: 1500.0
