timestamps:
  login: 1345838931070
  logout: 1345838943722
ipAddress: 69.63.12.177
lastlocation:
  world: world
  x: 229.25755932489892
  y: 102.5
  z: 324.8100685203841
  yaw: -42.31603
  pitch: 16.200005
money: 1500.0
