timestamps:
  login: 1346363011884
  lastteleport: 1346364038681
  logout: 1346364094834
ipAddress: 99.156.170.234
lastlocation:
  world: SkyBlockMultiplayer
  x: 49.374577627750114
  y: 64.0
  z: 149.4815222596244
  yaw: 168.10916
  pitch: 47.81961
money: 1500.0
