lastlocation:
  world: world
  x: 241.51224898107043
  y: 71.0
  z: 303.9861412949442
  yaw: 65.17221
  pitch: -7.11049
timestamps:
  login: 1354311823000
  lastteleport: 1354246531278
  logout: 1354314043206
ipAddress: 74.177.81.188
afk: false
money: 1500.0
