timestamps:
  login: 1344702936941
  logout: 1344703050397
  lastteleport: 1344702884634
ipAddress: 99.114.222.140
lastlocation:
  world: SkyBlockMultiplayer
  x: 51.405180235865075
  y: -157.05905067035482
  z: -48.616458413930815
  yaw: 21.30002
  pitch: -90.0
money: 1500.0
