timestamps:
  login: 1348327592340
  logout: 1348327660267
ipAddress: 90.208.242.55
lastlocation:
  world: world
  x: 224.65534039826716
  y: 154.0
  z: 325.5303383238097
  yaw: 274.78534
  pitch: 30.450008
money: 1500.0
