timestamps:
  login: 1346394046313
  lastteleport: 1346397185304
  logout: 1346398795449
ipAddress: 72.187.81.222
lastlocation:
  world: world
  x: 821.0
  y: 66.53584062504456
  z: 1508.0
  yaw: 336.44998
  pitch: 61.95
afk: false
ban:
  reason: 'Banned: Grief'
money: 1480.0
