timestamps:
  login: 1347588687970
  logout: 1347591182973
ipAddress: 67.169.5.138
lastlocation:
  world: Pern
  x: 144.51320801231068
  y: 24.237042345465525
  z: 192.49593979190277
  yaw: -25.036278
  pitch: -82.65
afk: false
money: 1500.0
