lastlocation:
  world: world
  x: 819.3162428281661
  y: 71.0
  z: 1483.699999988079
  yaw: -182.2248
  pitch: 45.74993
timestamps:
  login: 1358037176123
  logout: 1358037409078
  lastteleport: 1358034712722
ipAddress: 50.150.166.51
money: 1500.0
