timestamps:
  login: 1344612805486
  logout: 1344612861973
  lastteleport: 1344606099521
ipAddress: 74.70.244.187
lastlocation:
  world: world
  x: 219.5342302079552
  y: 127.0
  z: 312.9934963523377
  yaw: 250.18237
  pitch: 13.499969
ban:
  reason: 'Banned: The Ban Hammer has spoken!'
money: 1500.0
