lastlocation:
  world: world
  x: 454.6864980975611
  y: 66.0
  z: 1309.7882387304587
  yaw: 37.34998
  pitch: 19.200022
timestamps:
  login: 1349371303868
  lastteleport: 1349371878893
  logout: 1349372036072
ipAddress: 77.98.235.97
ban:
  reason: 'Banned: Stealing...'
money: 1500.0
