timestamps:
  login: 1360537229746
  logout: 1360537393739
  lastteleport: 1354918880185
ipAddress: 99.114.222.140
lastlocation:
  world: realm
  x: 5506.131806132512
  y: 63.0
  z: -3217.8277697494455
  yaw: -104.33975
  pitch: -27.449997
money: 1500.0
afk: false
