timestamps:
  login: 1362248544996
  logout: 1362248563005
  lastteleport: 1362185669748
ipAddress: 99.114.222.140
lastlocation:
  world: world
  x: 877.2042534508867
  y: 67.0
  z: 1330.300000011921
  yaw: 157.27199
  pitch: 41.4
money: 1500.0
afk: false
logoutlocation:
  world: world
  x: 913.2296853851768
  y: 65.0
  z: 1211.9971233694407
  yaw: -0.6333529
  pitch: 0.4295717
