timestamps:
  login: 1362438116361
  logout: 1362438192894
ipAddress: 71.21.41.121
lastlocation:
  world: arena
  x: 882.1315881436049
  y: 26.0
  z: -1231.7973873926976
  yaw: 211.04988
  pitch: -4.950031
logoutlocation:
  world: skyworld
  x: -220.3777528669636
  y: 125.0
  z: 332.1412823189942
  yaw: -94.2
  pitch: 14.250028
