timestamps:
  login: 1361643760304
  logout: 1361649279603
ipAddress: 74.170.156.156
lastlocation:
  world: arena
  x: 799.3961883798339
  y: 33.5
  z: -1219.9921029229297
  yaw: -9.29988
  pitch: 14.99995
logoutlocation:
  world: arena
  x: 800.1657739774706
  y: 33.5
  z: -1219.5070414324925
  yaw: 4.6501164
  pitch: 29.549961
