lastlocation:
  world: realm
  x: 2185.165278864957
  y: 57.0
  z: -3102.1784535665943
  yaw: 279.15048
  pitch: 24.900003
timestamps:
  login: 1356991964488
  lastteleport: 1356993957462
  logout: 1356994769992
ipAddress: 204.116.104.113
money: 100.0
