lastlocation:
  world: world
  x: 15.681973217504872
  y: 72.0
  z: 346.33918628188303
  yaw: 281.48227
  pitch: 4.1353583
timestamps:
  login: 1350100626141
  lastteleport: 1350099744235
  logout: 1350100656422
ipAddress: 222.165.46.112
money: 1500.0
