timestamps:
  login: 1358236011966
  lastteleport: 1358237072036
  logout: 1358237187117
ipAddress: 125.255.244.50
lastlocation:
  world: Ellesmera
  x: -574.7002933089416
  y: 67.0
  z: -652.0327089862117
  yaw: 147.00008
  pitch: 15.300011
