timestamps:
  login: 1347130774440
  logout: 1347131007163
ipAddress: 71.237.109.5
lastlocation:
  world: world
  x: 229.14949396478616
  y: 127.0
  z: 320.9115835687083
  yaw: -49.66397
  pitch: 10.049999
money: 1500.0
