timestamps:
  login: 1347765906430
  logout: 1347766522324
ipAddress: 66.90.209.6
lastlocation:
  world: world
  x: 337.32649355481755
  y: 76.0
  z: 183.01426186749882
  yaw: 99.12952
  pitch: 24.72539
money: 1500.0
