timestamps:
  login: 1363211095149
  logout: 1363211186261
ipAddress: 76.98.120.165
lastlocation:
  world: world
  x: 1301.0
  y: 97.0
  z: 610.0
  yaw: 0.0
  pitch: 0.0
logoutlocation:
  world: Ellesmera
  x: -454.00203190885105
  y: 64.0
  z: -593.8537126652907
  yaw: -259.0499
  pitch: -15.450035
