timestamps:
  login: 1344878795483
  logout: 1344878811730
  lastteleport: 1343740104308
ipAddress: 213.164.193.239
lastlocation:
  world: world
  x: 234.62947519432225
  y: 102.5
  z: 327.0307763936855
  yaw: 1.0234352
  pitch: 24.300016
money: 1414.0
