timestamps:
  login: 1363813082187
  logout: 1363813616913
  lastteleport: 1363292710076
ipAddress: 92.22.54.26
lastlocation:
  world: realm
  x: 5531.699999988079
  y: 67.0
  z: -3164.699999988079
  yaw: 18.411224
  pitch: 21.279625
afk: false
money: 1500.0
homes:
  home:
    world: realm
    x: 5529.494413151015
    y: 68.0
    z: -3164.4041458438205
    yaw: 232.79834
    pitch: 15.750022
logoutlocation:
  world: Ellesmera
  x: -473.703934269691
  y: 26.5
  z: 142.76073642392493
  yaw: 51.816902
  pitch: 5.827203
