lastlocation:
  world: realm
  x: 4088.3533854831658
  y: 58.0
  z: -4090.804510921815
  yaw: -117.92871
  pitch: 8.397924
timestamps:
  login: 1358077026803
  lastteleport: 1358077187067
  logout: 1358077445797
ipAddress: 95.146.60.107
