timestamps:
  login: 1363458730139
  logout: 1363458967724
  lastteleport: 1363292710076
ipAddress: 92.16.245.118
lastlocation:
  world: realm
  x: 5531.699999988079
  y: 67.0
  z: -3164.699999988079
  yaw: 18.411224
  pitch: 21.279625
afk: false
money: 1500.0
homes:
  home:
    world: realm
    x: 5529.494413151015
    y: 68.0
    z: -3164.4041458438205
    yaw: 232.79834
    pitch: 15.750022
logoutlocation:
  world: realm
  x: 4090.6999999880777
  y: 58.875
  z: -4090.6757761537533
  yaw: 122.31911
  pitch: 69.1104
