timestamps:
  login: 1346424971474
  logout: 1346425002925
  lastteleport: 1346424996148
ipAddress: 188.221.56.103
lastlocation:
  world: world
  x: 234.3240679593152
  y: 103.0
  z: 322.33211122528576
  yaw: 22.623438
  pitch: -17.549988
afk: false
money: 1280.0
