timestamps:
  login: 1353110298485
  logout: 1353110373644
ipAddress: 108.250.133.180
lastlocation:
  world: world
  x: 238.0017587868251
  y: 156.0
  z: 316.30000001192093
  yaw: 236.05579
  pitch: -72.20159
money: 1500.0
