lastlocation:
  world: world
  x: 1301.0
  y: 97.0
  z: 610.0
  yaw: 0.0
  pitch: 0.0
timestamps:
  login: 1362951613584
  logout: 1362952134487
ipAddress: 174.109.136.107
logoutlocation:
  world: world
  x: 805.5107519226998
  y: 45.0
  z: 1557.846649990712
  yaw: -200.71426
  pitch: -1.7529063
