lastlocation:
  world: world
  x: 511.59153666864154
  y: 73.0
  z: 1288.7126667841953
  yaw: -16.048492
  pitch: 27.960102
timestamps:
  login: 1349400631160
  lastteleport: 1349400647660
  logout: 1349401297683
ipAddress: 2.125.31.170
money: 1500.0
