timestamps:
  login: 1347209236853
  logout: 1347209390153
ipAddress: 68.185.218.177
lastlocation:
  world: world
  x: 229.0081993302217
  y: 127.0
  z: 343.4307493221865
  yaw: 217.47473
  pitch: 14.40003
money: 1500.0
