timestamps:
  login: 1355777108052
  logout: 1355777108325
ipAddress: 82.40.224.165
lastlocation:
  world: world
  x: 226.30070928350324
  y: 154.0
  z: 325.2124668561584
  yaw: 297.22958
  pitch: 28.284424
money: 1500.0
