lastlocation:
  world: realm
  x: 4034.0276507570143
  y: 74.0
  z: -4068.9644025508087
  yaw: -117.40457
  pitch: 2.9294202
timestamps:
  login: 1357334123782
  logout: 1357334836461
  lastteleport: 1357333905646
  mute: 0
ipAddress: 24.8.17.16
afk: false
muted: false
money: 1500.0
