timestamps:
  login: 1349538440737
  logout: 1349532271352
ipAddress: 68.63.91.84
lastlocation:
  world: world
  x: 257.0837026727598
  y: 127.0
  z: 318.9341026141805
  yaw: -301.21402
  pitch: 15.149996
money: 1500.0
