lastlocation:
  world: world
  x: 234.28959757335403
  y: 102.5
  z: 325.9687086709254
  yaw: 16.923437
  pitch: 10.800013
timestamps:
  login: 1350234383349
  lastteleport: 1350234432746
  logout: 1350234599791
ipAddress: 2.127.0.236
money: 1500.0
