timestamps:
  login: 1343497045788
  logout: 1343497392773
  lastteleport: 1343452567902
ipAddress: 71.80.218.117
lastlocation:
  world: world
  x: 862.4031235952513
  y: 63.0
  z: -162.30734468163055
  yaw: 187.67659
  pitch: 9.599992
money: 1500.0
