timestamps:
  login: 1345334336263
  logout: 1345334423203
ipAddress: 75.31.164.89
lastlocation:
  world: world
  x: 232.3383329975679
  y: 102.5
  z: 325.90588313636744
  yaw: -177.91164
  pitch: 7.5000815
money: 1500.0
