timestamps:
  login: 1348345645652
  logout: 1348345648933
ipAddress: 76.218.108.14
lastlocation:
  world: world
  x: 79.67924759016688
  y: 178.33293275542408
  z: 448.24025967964116
  yaw: 63.137024
  pitch: 44.399963
ban:
  reason: 'Banned: hacker'
money: 1500.0
