timestamps:
  login: 1346581852792
  lastteleport: 1345894436524
  logout: 1346582894126
ipAddress: 101.103.139.110
lastlocation:
  world: world
  x: 552.0386046633749
  y: 54.0
  z: 565.3000000119209
  yaw: 123.47925
  pitch: 41.399986
money: 1500.0
