timestamps:
  login: 1350324813282
  logout: 1350324863133
ipAddress: 76.2.102.3
lastlocation:
  world: world
  x: 236.26308880279635
  y: 140.0
  z: 340.92577287425416
  yaw: -270.4643
  pitch: 7.8000183
money: 1500.0
