lastlocation:
  world: Pern
  x: 196.43071408074326
  y: 65.0
  z: 193.6577383296721
  yaw: 133.6644
  pitch: 14.85
timestamps:
  login: 1349737285417
ipAddress: 82.42.61.66
money: 1500.0
