lastlocation:
  world: Ellesmera
  x: -523.0108270697881
  y: 65.0
  z: -571.1241410233811
  yaw: -101.550186
  pitch: -3.2999976
timestamps:
  login: 1358578541697
  logout: 1358578702205
ipAddress: 71.251.227.95
