timestamps:
  login: 1349009430753
  logout: 1349009475655
ipAddress: 75.86.177.54
lastlocation:
  world: world
  x: 230.00045421407373
  y: 154.0
  z: 323.72000649013506
  yaw: -88.71336
  pitch: 41.340046
money: 1500.0
