timestamps:
  login: 1346006839965
  logout: 1346006934518
ipAddress: 74.133.136.173
lastlocation:
  world: world
  x: 1348.300000011921
  y: 121.0
  z: 575.6999999880791
  yaw: -334.5809
  pitch: -2.1867948
money: 1500.0
