timestamps:
  login: 1363651905670
  logout: 1363652603623
  lastteleport: 1360896738005
ipAddress: 75.136.223.153
lastlocation:
  world: world
  x: 740.7624999880791
  y: 66.0
  z: -705.1634537316393
  yaw: 203.38632
  pitch: 32.143837
afk: false
money: 867.6655507410092
logoutlocation:
  world: world
  x: 670.4303311949183
  y: 69.0
  z: -715.6309959773918
  yaw: 165.15727
  pitch: -1.2665102
