lastlocation:
  world: arena
  x: 662.9813087568306
  y: 32.0
  z: -1255.809221112067
  yaw: 181.34804
  pitch: 2.399975
timestamps:
  login: 1361472311120
  logout: 1361472741409
ipAddress: 90.205.220.141
