timestamps:
  login: 1360896051129
  logout: 1360896752231
  lastteleport: 1360896738005
ipAddress: 75.136.223.153
lastlocation:
  world: world
  x: 740.7624999880791
  y: 66.0
  z: -705.1634537316393
  yaw: 203.38632
  pitch: 32.143837
afk: false
money: 867.6655507410092
