timestamps:
  login: 1347232923940
  lastteleport: 1347233545838
  logout: 1347233938780
ipAddress: 174.48.29.150
lastlocation:
  world: world
  x: 253.34171255641405
  y: 35.0
  z: 115.97563996782272
  yaw: -310.38803
  pitch: -12.103009
money: 1500.0
