timestamps:
  login: 1349211756449
  lastteleport: 1349209277124
  logout: 1349211925849
ipAddress: 74.130.183.193
lastlocation:
  world: world
  x: 307.1853854246652
  y: 65.5
  z: 244.49738670840787
  yaw: 244.22652
  pitch: -9.450002
money: 1500.0
