timestamps:
  login: 1358108687233
  logout: 1358108929299
ipAddress: 173.20.79.82
lastlocation:
  world: Ellesmera
  x: -561.4013532091088
  y: 69.0
  z: -569.6264569719159
  yaw: 94.89446
  pitch: -6.3742785
