timestamps:
  login: 1344127487352
  logout: 1344127759183
  lastteleport: 1344127557943
ipAddress: 68.58.15.184
lastlocation:
  world: world
  x: 234.69999998807907
  y: 141.0
  z: 325.5614897603354
  yaw: -89.07483
  pitch: 31.549469
money: 1500.0
