timestamps:
  login: 1348596573906
  lastteleport: 1348596648815
  logout: 1348596871452
ipAddress: 188.114.154.218
lastlocation:
  world: world
  x: 237.1108600101324
  y: 156.0
  z: 334.78785512475724
  yaw: 270.00247
  pitch: 5.9951415
money: 1500.0
