lastlocation:
  world: world
  x: 238.0832964202603
  y: 70.5
  z: 301.3300121865046
  yaw: 181.11949
  pitch: 16.202833
timestamps:
  login: 1349476210393
  logout: 1349476433293
ipAddress: 204.63.248.120
money: 1500.0
