timestamps:
  login: 1344080572230
  logout: 1344080682470
  lastteleport: 1344080610125
ipAddress: 94.191.207.184
lastlocation:
  world: world
  x: -1000.2175194461594
  y: 18.0
  z: 692.5309179892229
  yaw: -283.35382
  pitch: 24.30003
money: 1864.5552499999994
