timestamps:
  login: 1342397794950
  lastteleport: 1342398433770
  logout: 1342399332752
ipAddress: 76.250.208.17
lastlocation:
  world: skylands
  x: -894.2208617999535
  y: 72.0
  z: -1082.0436142104209
  yaw: 40.799072
  pitch: 35.400043
money: 1500.0
