lastlocation:
  world: world
  x: 229.59460270345878
  y: 154.0
  z: 324.7952508072312
  yaw: 85.361786
  pitch: -5.174594
timestamps:
  login: 1351087560685
  logout: 1351088315444
ipAddress: 2.105.97.212
money: 1500.0
