timestamps:
  login: 1343752112796
  logout: 1343753399523
  lastteleport: 1343753308442
ipAddress: 24.205.68.221
lastlocation:
  world: world
  x: 225.05251407164042
  y: 102.0
  z: 342.40060966109274
  yaw: 283.32343
  pitch: -0.14998212
money: 1500.0
