timestamps:
  login: 1341619222617
  logout: 1341620281752
  lastteleport: 1341619889758
ipAddress: 96.227.240.236
lastlocation:
  world: world
  x: 389.46496039225764
  y: 68.0
  z: 106.1964948696294
  yaw: 265.50415
  pitch: 23.549814
money: 1500.0
