lastlocation:
  world: world
  x: 250.5561812079477
  y: 127.0
  z: 340.6928052667537
  yaw: -159.31506
  pitch: 9.300006
timestamps:
  login: 1346516545259
  logout: 1346516770673
ipAddress: 72.204.90.5
money: 1500.0
