lastlocation:
  world: world
  x: 234.3240679593152
  y: 102.53584062504456
  z: 322.33211122528576
  yaw: -58.309513
  pitch: 2.534486
timestamps:
  login: 1348276937238
  logout: 1348277062233
  lastteleport: 1348276500771
ipAddress: 76.103.114.141
money: 1500.0
