timestamps:
  login: 1344883241515
  logout: 1344886778427
  lastteleport: 1344884650824
ipAddress: 76.239.59.133
lastlocation:
  world: world
  x: -561.9543184605106
  y: 64.0
  z: 717.2490260306737
  yaw: 3.7771962
  pitch: 27.599817
ban:
  reason: 'Banned: 1w'
  timeout: 1351026418380
homes:
  home:
    world: world
    x: -562.080752890494
    y: 64.0
    z: 716.2777605860822
    yaw: 5.1276855
    pitch: 9.899925
money: 1475.0
