timestamps:
  login: 1348287464668
  lastteleport: 1348287263826
  logout: 1348287487535
ipAddress: 206.212.232.155
lastlocation:
  world: world
  x: -172.9437229550982
  y: 62.0
  z: 443.6985993117396
  yaw: -164.10751
  pitch: 76.14163
money: 1500.0
