timestamps:
  login: 1357121621881
  lastteleport: 1357121704158
  logout: 1357121997066
ipAddress: 81.97.119.57
lastlocation:
  world: Ellesmera
  x: -746.4541443953232
  y: 67.0
  z: -885.859869491645
  yaw: -31.800745
  pitch: 30.449965
money: 100.0
