lastlocation:
  world: world
  x: 1301.0
  y: 97.0
  z: 610.0
  yaw: 0.0
  pitch: 0.0
timestamps:
  login: 1363821537782
  logout: 1363821653952
ipAddress: 65.100.77.41
logoutlocation:
  world: world
  x: 781.9674415825989
  y: 64.0
  z: 1541.3810958053102
  yaw: 323.10092
  pitch: 74.92218
