timestamps:
  login: 1349961668084
  lastteleport: 1346368368353
  logout: 1349961686639
ipAddress: 68.104.154.43
lastlocation:
  world: world
  x: 228.69725031372587
  y: 65.0
  z: 175.04564345965437
  yaw: 213.4751
  pitch: 20.550053
money: 1500.0
