lastlocation:
  world: world
  x: 234.3240679593152
  y: 102.53584062504456
  z: 322.33211122528576
  yaw: -2.9263284
  pitch: 12.550246
timestamps:
  login: 1351009461983
  logout: 1351009537585
ipAddress: 86.167.129.208
money: 1500.0
