lastlocation:
  world: Ellesmera
  x: -958.7401444139756
  y: 63.0
  z: -1414.5975198310382
  yaw: 92.83087
  pitch: 29.174385
timestamps:
  login: 1361829604717
  logout: 1361830303077
  lastteleport: 1361829963981
ipAddress: 92.20.74.146
homes:
  home:
    world: Ellesmera
    x: -826.3075809945974
    y: 66.0
    z: -1437.2306019766413
    yaw: 332.5227
    pitch: 53.155193
logoutlocation:
  world: Ellesmera
  x: -821.2140326430532
  y: 64.0
  z: -1432.6155811095741
  yaw: -34.9263
  pitch: 32.265636
