lastlocation:
  world: bastion
  x: 30.338686449487696
  y: 69.9886355670048
  z: -44.21185035596616
  yaw: 176.52405
  pitch: 49.44957
timestamps:
  login: 1364045075880
  logout: 1364059062229
  lastteleport: 1364059004172
ipAddress: 92.20.87.215
homes:
  home:
    world: world
    x: 872.4877399217835
    y: 64.0
    z: 1359.8856627937116
    yaw: -104.87906
    pitch: 26.102446
logoutlocation:
  world: bastion
  x: -85.78241467242425
  y: 96.38549335568283
  z: 9.676461947122272
  yaw: -120.71664
  pitch: 43.773617
