lastlocation:
  world: Ellesmera
  x: -1613.5959140179918
  y: 64.0
  z: -937.0199444146003
  yaw: 186.85742
  pitch: 10.742435
timestamps:
  login: 1362952293953
  logout: 1362952307027
  lastteleport: 1362945897358
ipAddress: 80.41.248.238
homes:
  home:
    world: world
    x: 872.4877399217835
    y: 64.0
    z: 1359.8856627937116
    yaw: -104.87906
    pitch: 26.102446
logoutlocation:
  world: world
  x: 877.5261820613769
  y: 64.0
  z: 1347.4224467039685
  yaw: 258.23093
  pitch: -13.2192135
