lastlocation:
  world: world
  x: 874.8579096296799
  y: 64.0
  z: 1357.3255314017892
  yaw: -283.05515
  pitch: 35.932777
timestamps:
  login: 1363297868131
  logout: 1363298430310
  lastteleport: 1363298167840
ipAddress: 92.20.65.222
homes:
  home:
    world: world
    x: 872.4877399217835
    y: 64.0
    z: 1359.8856627937116
    yaw: -104.87906
    pitch: 26.102446
logoutlocation:
  world: world
  x: 944.2231410953934
  y: 26.0
  z: 58.75990881031271
  yaw: 11.396179
  pitch: 31.631989
