lastlocation:
  world: world
  x: 873.1567354429017
  y: 64.0
  z: 1358.6853753725181
  yaw: -12.10462
  pitch: 21.801647
timestamps:
  login: 1363126834637
  logout: 1363126842617
  lastteleport: 1363126549858
ipAddress: 92.20.66.220
homes:
  home:
    world: world
    x: 872.4877399217835
    y: 64.0
    z: 1359.8856627937116
    yaw: -104.87906
    pitch: 26.102446
logoutlocation:
  world: world
  x: 178.57007410673464
  y: 64.0
  z: 153.05157272651806
  yaw: 7.8635254
  pitch: 19.958387
