lastlocation:
  world: arena
  x: 44.43499857909521
  y: 55.0
  z: 52.136425837325284
  yaw: -246.63974
  pitch: -2.6183376
timestamps:
  login: 1364067630805
  logout: 1364059062229
  lastteleport: 1364059004172
ipAddress: 92.20.87.215
homes:
  home:
    world: world
    x: 872.4877399217835
    y: 64.0
    z: 1359.8856627937116
    yaw: -104.87906
    pitch: 26.102446
logoutlocation:
  world: bastion
  x: -85.78241467242425
  y: 96.38549335568283
  z: 9.676461947122272
  yaw: -120.71664
  pitch: 43.773617
