lastlocation:
  world: world
  x: 627.9734836347712
  y: 64.0
  z: 314.47366759570355
  yaw: -119.21998
  pitch: 45.021645
timestamps:
  login: 1361915022710
  logout: 1361917180212
  lastteleport: 1361916938594
ipAddress: 92.20.23.245
homes:
  home:
    world: Ellesmera
    x: -826.3075809945974
    y: 66.0
    z: -1437.2306019766413
    yaw: 332.5227
    pitch: 53.155193
logoutlocation:
  world: Ellesmera
  x: -860.4884950127374
  y: 64.0
  z: -1433.6721850205704
  yaw: 9.962995
  pitch: 43.324825
