lastlocation:
  world: Ellesmera
  x: -828.3675097144628
  y: 66.0
  z: -1452.1083938545996
  yaw: 326.37888
  pitch: 26.121595
timestamps:
  login: 1361743810916
  logout: 1361744423996
  lastteleport: 1361744150862
ipAddress: 80.41.148.71
homes:
  home:
    world: Ellesmera
    x: -826.3075809945974
    y: 66.0
    z: -1437.2306019766413
    yaw: 332.5227
    pitch: 53.155193
logoutlocation:
  world: Ellesmera
  x: -825.4241246577009
  y: 64.0
  z: -1446.6254759312344
  yaw: -103.62042
  pitch: 29.909603
