lastlocation:
  world: world
  x: 872.5
  y: 64.0
  z: 1359.5
  yaw: -104.87906
  pitch: 26.102446
timestamps:
  login: 1363633053710
  logout: 1363633180387
  lastteleport: 1363633130158
ipAddress: 92.28.35.198
homes:
  home:
    world: world
    x: 872.4877399217835
    y: 64.0
    z: 1359.8856627937116
    yaw: -104.87906
    pitch: 26.102446
logoutlocation:
  world: world
  x: 850.6999999880791
  y: 54.0
  z: 1349.3225463223632
  yaw: 271.13364
  pitch: 58.05125
