timestamps:
  login: 1360407394879
  logout: 1360407562144
ipAddress: 86.87.60.201
lastlocation:
  world: arena
  x: 75.38027329634527
  y: 32.0
  z: 15.383475231888099
  yaw: 57.240417
  pitch: 13.348752
