lastlocation:
  world: Ellesmera
  x: -826.3777594041783
  y: 65.0
  z: -1441.4176166519662
  yaw: -249.31415
  pitch: 59.894398
timestamps:
  login: 1361530551413
  logout: 1361532897927
  lastteleport: 1361532872159
ipAddress: 2.99.68.120
homes:
  home:
    world: Ellesmera
    x: -826.3075809945974
    y: 66.0
    z: -1437.2306019766413
    yaw: 332.5227
    pitch: 53.155193
