lastlocation:
  world: realm
  x: 1535.699999988079
  y: 29.0
  z: 231.69653344826986
  yaw: 201.57874
  pitch: 7.6703844
timestamps:
  login: 1361994063310
  logout: 1361996709294
  lastteleport: 1361984185645
ipAddress: 2.99.66.52
homes:
  home:
    world: Ellesmera
    x: -826.3075809945974
    y: 66.0
    z: -1437.2306019766413
    yaw: 332.5227
    pitch: 53.155193
logoutlocation:
  world: Ellesmera
  x: -823.3202865567724
  y: 66.0
  z: -1437.6089736141575
  yaw: -7.8547835
  pitch: -23.664028
