lastlocation:
  world: world
  x: 222.5
  y: 154.0
  z: 325.5
  yaw: 272.98553
  pitch: 28.200005
timestamps:
  login: 1350689147968
  logout: 1350689162033
ipAddress: 98.230.237.136
money: 1500.0
