lastlocation:
  world: Ellesmera
  x: -1009.1742927320038
  y: 68.0
  z: -1560.579406594687
  yaw: -244.12335
  pitch: 11.356853
timestamps:
  login: 1362177250410
  logout: 1362177494720
  lastteleport: 1362173348557
ipAddress: 92.26.43.243
homes:
  home:
    world: Ellesmera
    x: -826.3075809945974
    y: 66.0
    z: -1437.2306019766413
    yaw: 332.5227
    pitch: 53.155193
logoutlocation:
  world: Ellesmera
  x: -815.2618984768947
  y: 62.28170211159587
  z: -1465.3128495862347
  yaw: -298.94244
  pitch: 37.77599
