lastlocation:
  world: world
  x: 880.6472154128132
  y: 61.0
  z: 1349.300000011921
  yaw: 150.74918
  pitch: 85.08479
timestamps:
  login: 1364073562534
  logout: 1364073946626
  lastteleport: 1364073478177
ipAddress: 92.20.87.215
homes:
  home:
    world: world
    x: 872.4877399217835
    y: 64.0
    z: 1359.8856627937116
    yaw: -104.87906
    pitch: 26.102446
logoutlocation:
  world: arena
  x: 17.83922910660562
  y: 32.0
  z: -375.5125395559849
  yaw: 254.04222
  pitch: 17.500795
