lastlocation:
  world: world
  x: 222.5
  y: 154.0
  z: 325.5
  yaw: 270.88553
  pitch: 27.300005
timestamps:
  login: 1349032171727
ipAddress: 184.65.131.189
money: 1500.0
