lastlocation:
  world: realm
  x: 1865.4861943013718
  y: 64.0
  z: -3304.921991599821
  yaw: -21.899916
  pitch: 27.299992
timestamps:
  login: 1363020934541
  lastteleport: 1362505916646
  logout: 1363021585760
  lastheal: 1356182330803
ipAddress: 87.114.41.9
nickname: ยง6GregRWhite
money: 1500.0
logoutlocation:
  world: realm
  x: 1842.5281948277243
  y: 70.39919328991016
  z: -3214.360584640412
  yaw: -0.44995117
  pitch: 8.099976
