lastlocation:
  world: realm
  x: 1844.4565061678652
  y: 75.0
  z: -3179.267268498649
  yaw: -191.99994
  pitch: 3.4499922
timestamps:
  login: 1361298352313
  lastteleport: 1360627266031
  logout: 1361298362640
  lastheal: 1356182330803
ipAddress: 146.90.15.163
nickname: ยง6GregRWhite
money: 1500.0
