lastlocation:
  world: realm
  x: 1865.4861943013718
  y: 64.0
  z: -3304.921991599821
  yaw: -21.899916
  pitch: 27.299992
timestamps:
  login: 1362587167941
  lastteleport: 1362505916646
  logout: 1362587837796
  lastheal: 1356182330803
ipAddress: 87.114.41.9
nickname: ยง6GregRWhite
money: 1500.0
logoutlocation:
  world: realm
  x: 1827.9277047115136
  y: 64.0
  z: -3328.654280374503
  yaw: -316.9486
  pitch: 6.4499836
