timestamps:
  login: 1350003266896
  logout: 1350003397778
ipAddress: 76.17.211.50
lastlocation:
  world: SkyBlockMultiplayer
  x: 50.68023783548883
  y: 65.0
  z: -245.8329450959774
  yaw: 9.647476
  pitch: 44.550575
money: 1500.0
