timestamps:
  login: 1345889152146
  logout: 1345889309163
ipAddress: 203.45.176.234
lastlocation:
  world: world
  x: 223.81715285028548
  y: 140.0
  z: 322.7818766759506
  yaw: -285.14874
  pitch: -2.5499847
money: 1500.0
