timestamps:
  login: 1346629306955
  logout: 1346629360721
ipAddress: 76.126.237.142
lastlocation:
  world: world
  x: 214.4747945404703
  y: 102.5
  z: 320.92500001192093
  yaw: -46.22639
  pitch: -33.899994
money: 1500.0
