lastlocation:
  world: world
  x: 236.47573931778663
  y: 127.0
  z: 339.8516588771522
  yaw: -140.16179
  pitch: 42.926453
timestamps:
  login: 1347726379168
  logout: 1347726534854
ipAddress: 173.24.205.117
money: 1500.0
