timestamps:
  login: 1350762575936
  logout: 1350763592062
  lastteleport: 1350762963358
ipAddress: 96.35.119.140
lastlocation:
  world: Pern
  x: 231.23892989779154
  y: 46.0
  z: 249.58155592924427
  yaw: -47.225365
  pitch: 5.7000203
money: 1500.0
