timestamps:
  login: 1362072992650
  logout: 1362073167671
ipAddress: 174.54.60.78
lastlocation:
  world: world
  x: 1301.0
  y: 97.0
  z: 610.0
  yaw: 0.0
  pitch: 0.0
logoutlocation:
  world: world
  x: 927.8754776079223
  y: 63.0
  z: 1461.710276953065
  yaw: 66.65501
  pitch: 7.2589145
