lastlocation:
  world: world
  x: 238.41821147961133
  y: 102.5
  z: 320.92500001192093
  yaw: -227.57658
  pitch: 11.10001
timestamps:
  login: 1350238675561
  lastteleport: 1350238683042
  logout: 1350238688695
ipAddress: 70.68.114.214
money: 1500.0
