lastlocation:
  world: SkyBlockMultiplayer
  x: -223.12138942855324
  y: -162.37843628575507
  z: 35.8941205016946
  yaw: -5.9992065
  pitch: -30.450006
timestamps:
  login: 1350757671997
  logout: 1350758224513
ipAddress: 157.157.153.181
money: 1500.0
