lastlocation:
  world: world
  x: 1299.7312804479966
  y: 97.0
  z: 634.2221400339505
  yaw: 127.20011
  pitch: 33.149994
timestamps:
  login: 1346457824743
  logout: 1346457873275
ipAddress: 70.243.110.16
money: 1500.0
