lastlocation:
  world: world
  x: 243.45092500447572
  y: 102.5
  z: 333.54204722906286
  yaw: 317.22113
  pitch: 7.7028294
timestamps:
  login: 1348597019329
  logout: 1348597111451
ipAddress: 83.89.30.139
money: 1500.0
