timestamps:
  login: 1362351758342
  logout: 1362351861915
ipAddress: 68.184.152.140
lastlocation:
  world: world
  x: 1301.0
  y: 97.0
  z: 610.0
  yaw: 0.0
  pitch: 0.0
logoutlocation:
  world: realm
  x: 1605.65212226245
  y: 74.0
  z: -929.8806697428721
  yaw: -110.84973
  pitch: 8.699998
