timestamps:
  login: 1346367748404
  logout: 1346368151667
ipAddress: 71.105.83.76
lastlocation:
  world: world
  x: 234.3240679593152
  y: 102.5
  z: 322.33211122528576
  yaw: 3.4504583
  pitch: 6.1362333
money: 1500.0
