timestamps:
  login: 1358624985379
  logout: 1358625043519
ipAddress: 80.203.40.52
lastlocation:
  world: Ellesmera
  x: -505.88564813723815
  y: 65.0
  z: -553.6674533371145
  yaw: 177.44997
  pitch: 21.149982
