lastlocation:
  world: world
  x: 228.66143659186383
  y: 102.5
  z: 335.98895461810366
  yaw: 99.48674
  pitch: 8.579848
timestamps:
  login: 1349197859860
  logout: 1349198008223
ipAddress: 86.16.79.185
money: 1500.0
