lastlocation:
  world: world
  x: 229.8316715576513
  y: 65.0
  z: 233.8734840733665
  yaw: -182.77466
  pitch: 11.983952
timestamps:
  login: 1350165757378
  lastteleport: 1350166138666
  logout: 1350166224634
ipAddress: 86.180.13.31
money: 1500.0
