timestamps:
  login: 1346103096369
  logout: 1346103089800
ipAddress: 75.46.37.253
lastlocation:
  world: SkyBlockMultiplayer
  x: -140.7248280353859
  y: 64.0
  z: -50.213965379980365
  yaw: 58.784424
  pitch: 27.59979
money: 1500.0
