timestamps:
  login: 1340258246697
  logout: 1340258272285
  lastteleport: 1340257948140
ipAddress: 62.242.153.22
lastlocation:
  world: world
  x: 338.1678351998247
  y: 63.0
  z: 374.8606776172064
  yaw: 173.40012
  pitch: 10.049999
money: 1500.0
