timestamps:
  login: 1345913900832
  logout: 1345914181640
ipAddress: 173.217.23.120
lastlocation:
  world: world
  x: 253.73295744338859
  y: 127.0
  z: 332.81752857306367
  yaw: 195.58534
  pitch: 0.45000148
money: 1500.0
