timestamps:
  login: 1348709084966
  logout: 1348709388288
ipAddress: 100.40.36.104
lastlocation:
  world: SkyBlockMultiplayer
  x: 172.4800951486594
  y: 1.0
  z: -46.90075981199003
  yaw: -93.683846
  pitch: 4.8794074
money: 1500.0
