timestamps:
  login: 1344413495765
  logout: 1344414549892
ipAddress: 83.181.59.51
lastlocation:
  world: world
  x: 355.9886698753002
  y: 70.0
  z: 207.41478832276147
  yaw: 199.92456
  pitch: 85.0647
money: 1500.0
