timestamps:
  login: 1342363373684
  lastteleport: 1339949598369
  logout: 1342363388958
ipAddress: 2.221.197.86
lastlocation:
  world: world
  x: 1282.8801403926773
  y: 96.0
  z: 611.558149292478
  yaw: -343.49982
  pitch: 6.450042
money: 1200.0
