timestamps:
  login: 1347496733066
ipAddress: 75.137.8.70
lastlocation:
  world: world
  x: 222.5
  y: 154.0
  z: 325.5
  yaw: 270.88553
  pitch: 27.300005
money: 1500.0
