lastlocation:
  world: Ellesmera
  x: -484.448752767685
  y: 34.0
  z: -657.4307513523332
  yaw: -176.09213
  pitch: 5.1000075
timestamps:
  login: 1356035705928
  logout: 1356035830961
  lastteleport: 1356035814476
ipAddress: 173.3.118.195
money: 1500.0
