timestamps:
  login: 1345949368770
  logout: 1345950282460
  lastteleport: 1345949576154
ipAddress: 108.223.245.194
lastlocation:
  world: void
  x: -2.5
  y: 51.0
  z: 10.5
  yaw: 40.317646
  pitch: 16.02524
money: 1500.0
