timestamps:
  login: 1346712640834
  logout: 1346713777691
  lastteleport: 1346713427275
ipAddress: 70.181.230.230
lastlocation:
  world: Pern
  x: 214.9628854412243
  y: 63.0
  z: 397.892675516177
  yaw: 36.556107
  pitch: 78.14999
nickname: §3D§5a§4r§1k
homes:
  home:
    world: Pern
    x: 200.46569254930367
    y: 65.10408037809304
    z: 427.5776000233354
    yaw: 288.8559
    pitch: 43.05001
money: 1500.0
