lastlocation:
  world: arena
  x: 799.2815440219546
  y: 32.0
  z: -1265.8206918878554
  yaw: 196.79999
  pitch: -33.600044
timestamps:
  login: 1361590914194
  logout: 1361591380856
ipAddress: 107.201.189.118
