lastlocation:
  world: world
  x: 1301.0
  y: 97.0
  z: 610.0
  yaw: 0.0
  pitch: 0.0
timestamps:
  login: 1362970037898
  logout: 1362970598993
ipAddress: 108.92.48.32
logoutlocation:
  world: world
  x: 857.4006552252163
  y: 36.98
  z: 1375.4958011801177
  yaw: -177.75
  pitch: 32.699955
