timestamps:
  login: 1347752816878
  logout: 1347752854223
ipAddress: 71.123.163.110
lastlocation:
  world: world
  x: 234.3240679593152
  y: 102.53584062504456
  z: 322.33211122528576
  yaw: -2.7265625
  pitch: 12.750012
ban:
  reason: 'Banned: The Ban Hammer has spoken!'
money: 1500.0
