timestamps:
  login: 1345979862393
  logout: 1345980458902
ipAddress: 90.214.206.84
lastlocation:
  world: world
  x: 376.04761200308235
  y: 75.0
  z: 35.476708601840215
  yaw: 266.23654
  pitch: 28.811707
money: 1500.0
