timestamps:
  login: 1350166063687
  logout: 1350166119633
  lastteleport: 1348614075178
ipAddress: 24.186.249.191
lastlocation:
  world: world
  x: 234.7496160130974
  y: 70.5
  z: 304.8086427690364
  yaw: 187.67682
  pitch: 10.200005
money: 1500.0
