timestamps:
  login: 1347059776852
  logout: 1347060916603
ipAddress: 76.76.230.39
lastlocation:
  world: world
  x: 257.0209297472493
  y: 70.5
  z: 325.58281623385847
  yaw: 87.926575
  pitch: 17.700006
money: 1500.0
