lastlocation:
  world: SkyBlockMultiplayer
  x: 67.89536729774792
  y: -5.128090288533833
  z: 159.22995042895326
  yaw: -37.285095
  pitch: 17.488625
timestamps:
  login: 1350749785126
  logout: 1350749837417
  lastteleport: 1350267778084
  mute: 0
ipAddress: 99.225.109.181
afk: false
muted: false
money: 1500.0
