timestamps:
  login: 1355965038610
  logout: 1355965377519
ipAddress: 173.65.92.57
lastlocation:
  world: Ellesmera
  x: -532.0940242924622
  y: 67.0
  z: -592.1196108385171
  yaw: -187.79987
  pitch: 10.050028
money: 100.0
