timestamps:
  login: 1348875484477
  lastteleport: 1346881339207
  logout: 1348875487945
ipAddress: 75.138.240.229
lastlocation:
  world: world
  x: 221.08223324632897
  y: 103.0
  z: 335.69999998807907
  yaw: 213.4513
  pitch: 27.504028
money: 1500.0
