timestamps:
  login: 1361822515539
  lastteleport: 1361666309893
  logout: 1361822534079
  mute: 0
  lastheal: 1360426938059
  kits:
    tools: 1354919018830
ipAddress: 173.65.92.51
money: 325268.52593188133
homes:
  neth:
    world: world_nether
    x: 31.858874012534905
    y: 33.0
    z: -1.70353345055759
    yaw: -62.405025
    pitch: 48.750015
  ab:
    world: Ellesmera
    x: -1652.8964242721281
    y: 65.0
    z: -1628.1099543641042
    yaw: 280.05112
    pitch: -9.449992
  fort:
    world: world
    x: 536.9302863428461
    y: 68.0
    z: 361.01482818876696
    yaw: 325.2411
    pitch: 32.539463
  markos:
    world: world
    x: 300.43826595174266
    y: 71.5
    z: -44.71561497426447
    yaw: -244.35507
    pitch: 22.950005
lastlocation:
  world: arena
  x: 800.1262496574612
  y: 34.0
  z: -1218.7697480432248
  yaw: 199.20093
  pitch: 13.9499855
afk: false
muted: false
socialspy: true
godmode: false
nickname: §dBianca
powertools:
  '369':
  - /paste
logoutlocation:
  world: world
  x: 131.94567854482437
  y: 58.0
  z: 165.76654675001097
  yaw: 97.796234
  pitch: 40.199963
