timestamps:
  login: 1345734598651
  lastteleport: 1345647891665
  logout: 1345734628918
ipAddress: 176.46.44.10
lastlocation:
  world: SkyBlockMultiplayer
  x: 4.403798925868316
  y: -150.1577252317738
  z: 113.06223436000822
  yaw: 180.29848
  pitch: 73.349976
money: 1500.0
