timestamps:
  login: 1343780138631
  lastteleport: 1343680605302
  logout: 1343780172061
ipAddress: 108.32.93.16
lastlocation:
  world: world
  x: 233.75191402895868
  y: 121.5
  z: 304.3451786158198
  yaw: 176.82324
  pitch: -19.499983
money: 1400.0
