timestamps:
  login: 1353280036711
  logout: 1353280096941
ipAddress: 71.245.170.215
lastlocation:
  world: world
  x: 1003.3890760926507
  y: 87.0
  z: 1182.164228384464
  yaw: -6.8007517
  pitch: 25.75659
money: 1500.0
