lastlocation:
  world: world
  x: 232.68533030093113
  y: 149.0
  z: 324.85164683017143
  yaw: 356.0756
  pitch: 76.74441
timestamps:
  login: 1354842463403
  lastteleport: 1353058624680
  logout: 1354842468752
ipAddress: 123.3.178.75
money: 1500.0
