timestamps:
  login: 1348869131150
  lastteleport: 1348869184990
  logout: 1348869303757
ipAddress: 71.229.224.156
lastlocation:
  world: world
  x: 250.62743262741205
  y: 102.5
  z: 322.55739861630985
  yaw: 184.47339
  pitch: 74.54998
money: 1500.0
