lastlocation:
  world: Pern
  x: 39.11462980891869
  y: 70.0
  z: 226.98062726761341
  yaw: -198.80457
  pitch: 20.73595
timestamps:
  login: 1353870424402
  logout: 1353870573073
ipAddress: 71.224.61.104
money: 1500.0
