lastlocation:
  world: world
  x: 236.51960397377454
  y: 140.0
  z: 342.3621693368817
  yaw: 298.34644
  pitch: -7.4783306
timestamps:
  login: 1354677144510
  logout: 1354677231334
ipAddress: 76.218.91.42
money: 1500.0
