timestamps:
  login: 1347407316241
  logout: 1347407456518
ipAddress: 98.19.76.112
lastlocation:
  world: world
  x: 378.30000001192093
  y: 62.0
  z: -104.23387821491114
  yaw: 46.935455
  pitch: 52.949997
money: 1500.0
