lastlocation:
  world: world
  x: 294.8871590801901
  y: 47.0
  z: 479.0057797622562
  yaw: 43.063507
  pitch: 13.199949
timestamps:
  login: 1347745430233
  logout: 1347745439333
ipAddress: 58.179.108.73
money: 1500.0
