timestamps:
  login: 1343148932482
  logout: 1343149374312
ipAddress: 86.163.7.138
lastlocation:
  world: skylands
  x: -776.5693983653213
  y: 41.0
  z: -1162.804592640278
  yaw: 188.9834
  pitch: 9.149993
money: 1500.0
