lastlocation:
  world: world
  x: 234.3240679593152
  y: 102.5
  z: 322.33211122528576
  yaw: -5.7265625
  pitch: -3.2999876
timestamps:
  login: 1350125171838
  logout: 1350125473269
  lastteleport: 1350125392566
ipAddress: 86.93.115.62
money: 1500.0
