timestamps:
  login: 1346086121902
  logout: 1346086610637
ipAddress: 108.13.110.10
lastlocation:
  world: world
  x: 225.20845641408133
  y: 102.0
  z: 337.92500001192093
  yaw: -239.5498
  pitch: -4.6500015
money: 1500.0
