lastlocation:
  world: world
  x: 234.5
  y: 103.0
  z: 322.5
  yaw: -2.7265625
  pitch: 12.750012
timestamps:
  login: 1346407190733
  lastteleport: 1346407607648
  logout: 1346407608386
ipAddress: 96.228.123.150
money: 1500.0
