timestamps:
  login: 1353445080837
  logout: 1353445277609
ipAddress: 74.194.135.142
lastlocation:
  world: world
  x: 235.20262405900783
  y: 102.5
  z: 328.0813929749492
  yaw: -356.4154
  pitch: 6.149984
money: 1500.0
