lastlocation:
  world: Ellesmera
  x: -1328.6333709957175
  y: 64.0
  z: -1508.4663477979861
  yaw: -0.29678345
  pitch: 20.850018
timestamps:
  login: 1362944932529
  lastteleport: 1362942594583
  logout: 1362946920027
ipAddress: 174.59.209.63
logoutlocation:
  world: Ellesmera
  x: -1054.6590788763367
  y: 17.0
  z: -1016.5722304999744
  yaw: -11.100281
  pitch: 26.550005
