timestamps:
  login: 1347658073202
  logout: 1347658344676
  lastteleport: 1347658296744
ipAddress: 98.219.147.15
lastlocation:
  world: Notra
  x: 1537.751230614494
  y: 40.0
  z: 380.0687551828149
  yaw: 39.4013
  pitch: 1.9624138
money: 1500.0
