timestamps:
  login: 1346243413476
  lastteleport: 1346243514282
  logout: 1346243516021
ipAddress: 188.228.36.186
lastlocation:
  world: world
  x: 234.21743961802872
  y: 102.5
  z: 326.7367485170651
  yaw: 37.836967
  pitch: 7.644113
money: 1500.0
