lastlocation:
  world: world
  x: 231.92404830346152
  y: 65.0
  z: 271.88579189420756
  yaw: 256.06577
  pitch: 65.54999
timestamps:
  login: 1348784161177
  logout: 1348784164696
ipAddress: 68.107.49.143
money: 1500.0
