timestamps:
  login: 1345448942228
  logout: 1345449100148
  lastteleport: 1345449057968
ipAddress: 83.80.254.62
lastlocation:
  world: world
  x: 234.5
  y: 102.5
  z: 322.5
  yaw: -2.7265625
  pitch: 12.750012
money: 1500.0
