timestamps:
  login: 1349918680842
  logout: 1349918954555
ipAddress: 122.57.113.11
lastlocation:
  world: world
  x: 261.5
  y: 70.5
  z: 325.5
  yaw: 93.49009
  pitch: 13.704097
money: 1500.0
