timestamps:
  login: 1347736846022
  logout: 1347736945421
ipAddress: 68.101.207.253
lastlocation:
  world: world
  x: 1300.526748038573
  y: 97.0
  z: 634.0163449761277
  yaw: 261.59985
  pitch: 19.049986
money: 1500.0
