timestamps:
  login: 1362177607977
  logout: 1362177749106
ipAddress: 50.143.58.43
lastlocation:
  world: world
  x: 1301.0
  y: 97.0
  z: 610.0
  yaw: 0.0
  pitch: 0.0
logoutlocation:
  world: arena
  x: 770.844991423561
  y: 32.5
  z: -1220.8003701158636
  yaw: 259.20047
  pitch: 35.700012
