lastlocation:
  world: world
  x: 238.30288817531854
  y: 140.0
  z: 309.498118007759
  yaw: 139.47357
  pitch: 35.550007
timestamps:
  login: 1353602512521
  lastteleport: 1353524052455
  logout: 1353602557016
ipAddress: 83.208.231.136
money: 1500.0
