timestamps:
  login: 1358736178059
  logout: 1358736390111
ipAddress: 75.92.211.187
lastlocation:
  world: Ellesmera
  x: -481.9462416260322
  y: 34.0
  z: -650.3370724678439
  yaw: -83.24236
  pitch: 20.249987
