lastlocation:
  world: world
  x: 234.60399815375146
  y: 102.5
  z: 322.8016334252539
  yaw: -252.92676
  pitch: 37.950005
timestamps:
  login: 1349837375779
  logout: 1349837496658
  lastteleport: 1349051122761
ipAddress: 72.193.86.44
afk: false
money: 1500.0
