lastlocation:
  world: world
  x: 188.7963179855536
  y: 63.0
  z: 469.82823678967355
  yaw: 184.28152
  pitch: -4.003203
timestamps:
  login: 1350107225031
  lastteleport: 1349011028814
  logout: 1350107251771
ipAddress: 212.10.172.95
money: 1500.0
