lastlocation:
  world: world
  x: 247.8181711508711
  y: 138.0
  z: 306.61013519623145
  yaw: 102.89398
  pitch: 5.3134108
timestamps:
  login: 1349516548060
  logout: 1349516603051
ipAddress: 83.142.0.29
money: 1500.0
