timestamps:
  login: 1360528694655
  logout: 1360529037202
  lastteleport: 1359746428722
ipAddress: 24.245.255.99
lastlocation:
  world: arena
  x: 104.31512965297142
  y: 32.0
  z: 79.3353967101446
  yaw: 351.75012
  pitch: -40.35
money: 1507.5
