lastlocation:
  world: world
  x: 238.4104775267459
  y: 143.0
  z: 326.5313747568133
  yaw: -180.46497
  pitch: 23.699997
timestamps:
  login: 1350372155895
  logout: 1350372280071
ipAddress: 60.242.66.41
money: 1500.0
