timestamps:
  login: 1347913082400
  logout: 1347913917275
ipAddress: 2.120.40.246
lastlocation:
  world: void
  x: -5.704932976946197
  y: -120.7784896900353
  z: -20.82562493011347
  yaw: 36.599968
  pitch: -73.94996
money: 1500.0
