timestamps:
  login: 1347784226459
  lastteleport: 1343564790960
  logout: 1347784256208
ipAddress: 123.3.179.46
lastlocation:
  world: world
  x: 231.5426699510681
  y: 102.5
  z: 323.6841219526003
  yaw: -29.907074
  pitch: 0.2616543
money: 1500.0
