timestamps:
  login: 1347133157044
  logout: 1347133218126
ipAddress: 99.174.226.206
lastlocation:
  world: world
  x: 236.48391189632966
  y: 140.0
  z: 307.12503889130886
  yaw: -219.31433
  pitch: 76.79995
money: 1500.0
