timestamps:
  login: 1359594281056
  logout: 1359594468949
ipAddress: 98.148.162.220
lastlocation:
  world: Ellesmera
  x: -523.6791959724505
  y: 65.0
  z: -553.403508116722
  yaw: 185.25002
  pitch: 2.399991
