timestamps:
  login: 1342975781841
  lastteleport: 1342975527066
  logout: 1342975824630
ipAddress: 68.43.52.27
lastlocation:
  world: world
  x: 1283.674708773058
  y: 2.0
  z: 613.7355378462881
  yaw: 112.43255
  pitch: -6.4608016
money: 1500.0
