timestamps:
  login: 1346617250385
  lastteleport: 1346594734067
  logout: 1346617296953
ipAddress: 173.81.159.63
lastlocation:
  world: world
  x: 280.6745290518183
  y: 64.5
  z: 369.84223592174214
  yaw: -89.84973
  pitch: 6.899974
money: 1500.0
