timestamps:
  login: 1350077426674
  logout: 1350077559000
ipAddress: 122.111.223.26
lastlocation:
  world: world
  x: 229.20023982659364
  y: 154.0
  z: 324.18950413708694
  yaw: 184.4855
  pitch: -15.749996
money: 1500.0
