timestamps:
  login: 1342034034084
  logout: 1342034691420
  lastteleport: 1342027717556
ipAddress: 107.3.5.145
lastlocation:
  world: world
  x: 1278.444975051737
  y: 96.0
  z: 606.999290921876
  yaw: 0.90270996
  pitch: 8.100007
