timestamps:
  login: 1346634365770
  logout: 1346634480925
ipAddress: 24.107.113.251
lastlocation:
  world: world
  x: 232.79430976637926
  y: 119.5
  z: 308.03268550454453
  yaw: -341.56393
  pitch: 22.650017
money: 1500.0
