timestamps:
  login: 1346140131781
  logout: 1346140405733
ipAddress: 66.74.229.101
lastlocation:
  world: world
  x: 831.2532688038536
  y: 64.0
  z: 1504.5399539988812
  yaw: -308.68506
  pitch: -3.2999797
money: 1500.0
