timestamps:
  login: 1345499059889
  logout: 1345499528704
ipAddress: 99.123.56.56
lastlocation:
  world: world
  x: 232.03680648110833
  y: 102.5
  z: 324.1075298759601
  yaw: 93.735916
  pitch: -4.0500174
money: 1500.0
