timestamps:
  login: 1359133360827
  logout: 1359148322760
ipAddress: 94.13.61.199
lastlocation:
  world: Ellesmera
  x: -533.2130107917312
  y: 67.0
  z: -610.203650186946
  yaw: 176.1001
  pitch: -4.199999
