lastlocation:
  world: world
  x: 147.0572507622971
  y: 64.0
  z: 488.7683721328552
  yaw: -69.87472
  pitch: 23.100079
timestamps:
  login: 1350088753557
  logout: 1350088820932
  lastteleport: 1349610137362
ipAddress: 24.94.23.130
money: 1500.0
