timestamps:
  login: 1358018009341
  logout: 1358018423790
  lastteleport: 1358018404363
ipAddress: 90.192.124.251
lastlocation:
  world: Ellesmera
  x: -484.73845155601794
  y: 34.5
  z: -631.3240632531589
  yaw: -143.09776
  pitch: -2.3569272
