timestamps:
  login: 1340833259529
  lastteleport: 1340683111111
  logout: 1340835119441
ipAddress: 70.190.132.82
lastlocation:
  world: world
  x: 141.73997249318103
  y: 64.0
  z: 468.69999998807907
  yaw: -264.44714
  pitch: 16.199965
money: 300.0
