timestamps:
  login: 1347396009880
  lastteleport: 1345647891713
  logout: 1347396038188
ipAddress: 109.175.91.96
lastlocation:
  world: world
  x: 230.71396465727204
  y: 65.0
  z: 397.9511674239071
  yaw: 29.576572
  pitch: 16.949997
afk: false
money: 1507.5
