timestamps:
  login: 1340578691725
  lastteleport: 1340578888598
  logout: 1340579569332
ipAddress: 99.124.228.12
lastlocation:
  world: world
  x: 1310.5687057851228
  y: 97.0
  z: 639.4828381407318
  yaw: -107.250046
  pitch: -4.64999
money: 1500.0
