timestamps:
  login: 1346843662726
  logout: 1346843696542
  lastteleport: 1343557510606
ipAddress: 110.32.18.146
lastlocation:
  world: Pern
  x: 220.91896260062308
  y: 72.1707870772188
  z: 242.95883695742253
  yaw: -0.7982989
  pitch: 15.349859
money: 1500.0
