timestamps:
  login: 1346114953292
  logout: 1346115035579
ipAddress: 76.94.92.240
lastlocation:
  world: world
  x: 235.64320975507144
  y: 148.0
  z: 327.10909718053176
  yaw: -185.1144
  pitch: 24.000008
money: 1500.0
