timestamps:
  login: 1344534331399
  lastteleport: 1344424524703
  logout: 1344534350653
ipAddress: 178.223.228.10
lastlocation:
  world: world
  x: 237.74713957270353
  y: 127.0
  z: 350.6982456818805
  yaw: -77.68445
  pitch: 16.304379
money: 1500.0
