lastlocation:
  world: world
  x: 233.17314913105335
  y: 102.5
  z: 327.73267211531083
  yaw: 129.99956
  pitch: 21.187225
timestamps:
  login: 1350054495203
  logout: 1350054525054
ipAddress: 80.192.143.241
money: 1500.0
