timestamps:
  login: 1346410284028
  logout: 1346413520275
  lastteleport: 1346404233957
ipAddress: 77.102.36.19
lastlocation:
  world: SkyBlockMultiplayer
  x: -246.73052401003864
  y: 64.0
  z: 1.0749999880790704
  yaw: 38.809326
  pitch: 53.430645
afk: false
money: 1500.0
