timestamps:
  login: 1347873656699
  logout: 1347873664919
ipAddress: 87.206.242.191
lastlocation:
  world: world
  x: 222.5
  y: 154.0
  z: 325.5
  yaw: 270.88553
  pitch: 27.300005
money: 1500.0
