timestamps:
  login: 1346009144680
  lastteleport: 1346010123705
  logout: 1346010492166
ipAddress: 24.17.88.103
lastlocation:
  world: SkyBlockMultiplayer
  x: 100.04205374000594
  y: 64.0
  z: -49.911275032907724
  yaw: -44.718777
  pitch: 39.257874
money: 1500.0
