timestamps:
  login: 1349989866831
  logout: 1349990889747
ipAddress: 173.108.129.87
lastlocation:
  world: SkyBlockMultiplayer
  x: 14.939306455769373
  y: 4.0
  z: -319.853459447228
  yaw: -95.53904
  pitch: 0.2635752
money: 1500.0
