timestamps:
  login: 1347113867388
  lastteleport: 1347113957409
  logout: 1347113975341
ipAddress: 2.221.161.5
lastlocation:
  world: void
  x: -34.59937498402834
  y: 63.0
  z: -15.622850656051499
  yaw: -20.550018
  pitch: 24.750008
money: 1507.5
