timestamps:
  login: 1343764023751
  lastteleport: 1343494369650
  logout: 1343764626951
ipAddress: 74.109.231.105
lastlocation:
  world: SkyBlockMultiplayer
  x: 54.315856515230735
  y: 64.0
  z: -98.72319933584959
  yaw: -52.303852
  pitch: 47.227367
homes: {}
money: 1500.0
