lastlocation:
  world: world
  x: 225.36934475657412
  y: 140.0
  z: 323.16662418824177
  yaw: 134.12561
  pitch: 50.165245
timestamps:
  login: 1349511354467
  logout: 1349511441206
ipAddress: 83.177.146.159
money: 1500.0
