lastlocation:
  world: arena
  x: 93.34017835637643
  y: 32.0
  z: 16.74603967470562
  yaw: -264.89993
  pitch: 4.6499267
timestamps:
  login: 1360456129248
  lastteleport: 1360456383584
  logout: 1360456533472
ipAddress: 99.122.56.102
