timestamps:
  login: 1354773771356
  logout: 1354774203378
ipAddress: 98.218.224.234
lastlocation:
  world: world
  x: 192.66431689462084
  y: 65.0
  z: 181.69999998807907
  yaw: 5.4157534
  pitch: 12.300016
money: 1500.0
