timestamps:
  login: 1358083960222
  logout: 1358084133209
  lastteleport: 1358084082262
lastlocation:
  world: world
  x: 243.1376400003144
  y: 65.0
  z: 418.84794375153973
  yaw: 354.89993
  pitch: -1.3499988
ipAddress: 87.144.23.44
