timestamps:
  login: 1349390274763
  lastteleport: 1349390569117
  logout: 1349390603144
ipAddress: 99.73.154.46
lastlocation:
  world: world
  x: 235.663104983833
  y: 102.5
  z: 339.2325074973372
  yaw: 2.3200364
  pitch: -0.09587842
money: 1500.0
