timestamps:
  login: 1345479227383
  logout: 1345479575894
ipAddress: 38.80.110.45
lastlocation:
  world: world
  x: -1740.4862283901064
  y: 77.0
  z: -986.6019177846142
  yaw: 181.6651
  pitch: 34.800003
money: 1500.0
