timestamps:
  login: 1347841325834
  logout: 1347841383806
ipAddress: 76.14.74.254
lastlocation:
  world: world
  x: 237.9998131182577
  y: 140.0
  z: 341.93044948385545
  yaw: -329.38315
  pitch: 9.513589
money: 1500.0
