timestamps:
  login: 1355526947657
  logout: 1355527021751
  lastteleport: 1355451016008
ipAddress: 76.0.164.213
lastlocation:
  world: realm
  x: 1853.0137323734623
  y: 64.0
  z: -3322.458460646771
  yaw: 6.6002717
  pitch: 84.15
money: 1500.0
ban:
  reason: 'Banned: Publiccraft decree by adnrewph and monkeypuddles bannished for
    life'
