timestamps:
  login: 1347486937627
  logout: 1347488770377
ipAddress: 67.158.3.105
lastlocation:
  world: Notra
  x: 1494.5
  y: 43.021598472595215
  z: 569.5
  yaw: 295.97687
  pitch: 33.89996
money: 1500.0
