lastlocation:
  world: world
  x: 824.929496639251
  y: 64.0
  z: 1498.03257794779
  yaw: -3.8999963
  pitch: -19.350035
timestamps:
  login: 1360639726555
  logout: 1360639864590
ipAddress: 99.109.148.188
