lastlocation:
  world: world
  x: 234.3240679593152
  y: 102.68796799243164
  z: 322.33211122528576
  yaw: -3.1765625
  pitch: 5.700012
timestamps:
  login: 1350469505083
  logout: 1350469510808
  lastteleport: 1350271238033
ipAddress: 80.197.76.83
money: 1500.0
