timestamps:
  login: 1349034530637
  lastteleport: 1349034643322
  logout: 1349034676655
ipAddress: 90.209.165.2
lastlocation:
  world: world
  x: 234.44698708239798
  y: 102.5
  z: 311.75190279576117
  yaw: 246.93018
  pitch: 26.931683
money: 1500.0
