timestamps:
  login: 1346334087454
  logout: 1346334250791
ipAddress: 96.237.170.50
lastlocation:
  world: world
  x: 248.18003775093493
  y: 140.0
  z: 327.246619008561
  yaw: 5.235443
  pitch: 9.150016
money: 1500.0
