timestamps:
  login: 1340051430365
  lastteleport: 1340052713179
  logout: 1340054756016
ipAddress: 74.134.14.46
lastlocation:
  world: world
  x: -42.78378019361554
  y: 65.0
  z: 543.4159841327211
  yaw: 79.94293
  pitch: 19.199043
money: 1500.0
