lastlocation:
  world: world
  x: 236.54951263184367
  y: 142.95744062351866
  z: 325.29736138634183
  yaw: -143.86453
  pitch: 33.00001
timestamps:
  login: 1348814220010
  logout: 1348814221582
ipAddress: 24.255.16.254
afk: false
money: 1500.0
