timestamps:
  login: 1345957931570
  logout: 1345958040674
ipAddress: 99.249.16.165
lastlocation:
  world: world
  x: 247.92500001192093
  y: 140.0
  z: 311.38684479715636
  yaw: 32.985634
  pitch: 29.400013
money: 1500.0
