timestamps:
  login: 1340054902878
  logout: 1340056886015
  lastteleport: 1340056758880
ipAddress: 95.146.187.49
lastlocation:
  world: world
  x: 1036.8562600669807
  y: 5.0
  z: -72.45614726692308
  yaw: -7.6589355
  pitch: 70.95
money: 5230.63325021694
