timestamps:
  login: 1346795846734
  logout: 1346795973890
ipAddress: 24.74.143.177
lastlocation:
  world: world
  x: 237.07374694852462
  y: 127.0
  z: 312.978786266045
  yaw: -278.2649
  pitch: 9.750003
money: 1500.0
