lastlocation:
  world: world
  x: 237.62940196266248
  y: 147.0
  z: 326.78550752799237
  yaw: 175.20009
  pitch: 41.700058
timestamps:
  login: 1346551351400
  lastteleport: 1346551387007
  logout: 1346551431134
ipAddress: 50.135.221.214
money: 1500.0
