timestamps:
  login: 1346096160367
  logout: 1346096378897
ipAddress: 76.208.2.158
lastlocation:
  world: world
  x: 229.19769614211395
  y: 127.0
  z: 324.76092578813865
  yaw: 63.236084
  pitch: 9.275402
money: 1500.0
