timestamps:
  login: 1343317135031
  lastteleport: 1343091319486
  logout: 1343091641861
ipAddress: 24.17.82.236
lastlocation:
  world: SkyBlockMultiplayer
  x: 5.015382083152527
  y: -196.96726923233246
  z: -24.693001784537977
  yaw: -13.049971
  pitch: 57.899994
money: 1500.0
