lastlocation:
  world: world
  x: 329.3912244715457
  y: 65.0
  z: 320.4771255893879
  yaw: 232.1997
  pitch: 26.399912
timestamps:
  login: 1359247289672
  logout: 1359247595503
ipAddress: 76.125.77.42
