lastlocation:
  world: world
  x: 236.69999998807907
  y: 151.5
  z: 329.4093726385524
  yaw: 267.12473
  pitch: 84.74999
timestamps:
  login: 1352836078632
  logout: 1352836372385
ipAddress: 24.142.41.176
money: 1500.0
