timestamps:
  login: 1348213739387
  logout: 1348214079668
ipAddress: 205.201.109.229
lastlocation:
  world: world
  x: 240.64395627048572
  y: 140.0
  z: 307.8455820733397
  yaw: 37.63495
  pitch: 17.25
money: 1500.0
