timestamps:
  login: 1349208749128
  logout: 1349209196660
ipAddress: 71.184.133.101
lastlocation:
  world: world
  x: 295.06640598191916
  y: 88.0
  z: -425.8501050002711
  yaw: -285.45312
  pitch: 9.299952
money: 30.0
