lastlocation:
  world: Ellesmera
  x: -484.9881378077943
  y: 34.0
  z: -643.374400987464
  yaw: -245.09186
  pitch: -2.250002
timestamps:
  login: 1356200784876
  logout: 1356200848865
ipAddress: 24.200.168.22
money: 100.0
