timestamps:
  login: 1343750339108
  logout: 1343751791104
ipAddress: 65.110.139.14
lastlocation:
  world: skylands
  x: -330.4328051439213
  y: -156.14053874440623
  z: -1600.000812368108
  yaw: -72.77715
  pitch: -23.85002
money: 1500.0
