timestamps:
  login: 1360234127470
  logout: 1360234423208
ipAddress: 92.246.181.150
lastlocation:
  world: Ellesmera
  x: -482.485886483853
  y: 34.0
  z: -642.9804416887183
  yaw: 7.5076866
  pitch: 0.75000614
