timestamps:
  login: 1353445377524
  lastteleport: 1353445722482
  logout: 1353445822607
ipAddress: 69.142.209.30
lastlocation:
  world: world
  x: 242.0288176329617
  y: 133.5
  z: 322.19999998807907
  yaw: -359.8764
  pitch: -21.000013
money: 1500.0
