lastlocation:
  world: realm
  x: 4047.13765239011
  y: 60.0
  z: -4101.691624121402
  yaw: 85.99103
  pitch: 4.658745
timestamps:
  login: 1359823615528
  lastteleport: 1359823826181
  logout: 1359824233890
ipAddress: 207.224.14.65
