timestamps:
  login: 1344580967850
  lastteleport: 1344581000479
  logout: 1344581075237
ipAddress: 58.7.230.86
lastlocation:
  world: world
  x: 234.3240679593152
  y: 102.5
  z: 322.33211122528576
  yaw: 11.823438
  pitch: 29.10001
money: 10219.2
