timestamps:
  login: 1350324413033
  logout: 1350324948132
ipAddress: 94.168.242.170
lastlocation:
  world: SkyBlockMultiplayer
  x: 4.490647836448756
  y: 40.2531999805212
  z: 3.9390705069537044
  yaw: -280.8003
  pitch: 58.49999
money: 1500.0
