lastlocation:
  world: world
  x: 1310.5
  y: 147.62000000476837
  z: 601.5
  yaw: 270.88553
  pitch: 27.300005
timestamps:
  login: 1351942747676
  logout: 1351942750277
ipAddress: 87.7.7.94
money: 1500.0
