timestamps:
  login: 1345153645447
  logout: 1345154346347
ipAddress: 109.77.58.145
lastlocation:
  world: world
  x: 393.9447358339394
  y: 64.0
  z: 250.11773425023537
  yaw: 62.027767
  pitch: -8.631616
money: 1500.0
