timestamps:
  login: 1342801491434
  lastteleport: 1342801485876
  logout: 1342801637738
ipAddress: 71.48.121.93
lastlocation:
  world: world
  x: 1301.5
  y: 97.0
  z: 610.5
  yaw: -0.0026900978
  pitch: -1.6499954
money: 1500.0
