lastlocation:
  world: world
  x: 244.5868474146481
  y: 47.0
  z: 167.15075493190398
  yaw: -80.524605
  pitch: 26.400011
timestamps:
  login: 1349883676337
  logout: 1349884183442
  lastteleport: 1349617677091
ipAddress: 92.23.150.72
money: 1500.0
