lastlocation:
  world: arena
  x: 799.1333677639979
  y: 32.5
  z: -1205.1900762424832
  yaw: 5.154529
  pitch: 10.119456
timestamps:
  login: 1363900234833
  lastteleport: 1363893200002
  logout: 1363900236226
ipAddress: 24.185.3.99
homes:
  home:
    world: world
    x: 949.8160133615517
    y: 12.0
    z: 1417.2123911820065
    yaw: -179.36908
    pitch: 29.63313
logoutlocation:
  world: world
  x: 870.6671301690737
  y: 64.0
  z: 1359.1465494990034
  yaw: -268.0836
  pitch: 41.220554
