timestamps:
  login: 1342018631107
  lastteleport: 1342018970546
ipAddress: 24.11.142.108
lastlocation:
  world: world
  x: 855.4959816854546
  y: 39.0
  z: 1293.2720767061157
  yaw: -178.7998
  pitch: 5.249975
money: 1500.0
