lastlocation:
  world: world
  x: 229.4695804650069
  y: 65.0
  z: 433.19251734509356
  yaw: -0.87216026
  pitch: 15.300046
timestamps:
  login: 1352058086929
  logout: 1352058681260
  lastteleport: 1352058373540
ipAddress: 66.68.63.179
money: 1500.0
