timestamps:
  login: 1348334776782
  lastteleport: 1348335060897
  logout: 1348335226119
ipAddress: 98.90.219.44
lastlocation:
  world: world
  x: 420.07190192234197
  y: 65.0
  z: 378.3495053167488
  yaw: 280.42328
  pitch: 6.683519
money: 1500.0
