timestamps:
  login: 1340834054883
  logout: 1340834374363
  lastteleport: 1340834369472
ipAddress: 98.219.247.239
lastlocation:
  world: skylands
  x: -1042.1516270176776
  y: 72.0
  z: -1405.0883654459572
  yaw: -237.80634
  pitch: 11.512463
money: 1500.0
