timestamps:
  login: 1340125188234
  logout: 1340127950135
  lastteleport: 1340126029255
  mute: 0
ipAddress: 98.144.99.181
money: 22036.0125
lastlocation:
  world: skylands
  x: -767.6266769659851
  y: 69.0
  z: -1127.0966067314562
  yaw: -215.39728
  pitch: 20.399908
muted: true
