timestamps:
  login: 1355608282335
  logout: 1355608283566
ipAddress: 66.57.188.173
lastlocation:
  world: world
  x: 181.9205252553723
  y: 65.0
  z: 117.49912827226788
  yaw: -79.317085
  pitch: 12.585583
money: 1500.0
