timestamps:
  login: 1346291394182
  logout: 1346291411325
ipAddress: 71.197.249.77
lastlocation:
  world: world
  x: -201.64407100702036
  y: 62.21761001261918
  z: -231.60254391920412
  yaw: -256.51617
  pitch: 5.699896
money: 1500.0
