timestamps:
  login: 1346467039018
  logout: 1346467076003
ipAddress: 68.2.241.212
lastlocation:
  world: world
  x: 234.41651534100717
  y: 149.5
  z: 323.9385132187167
  yaw: -0.25534707
  pitch: 21.424461
money: 1500.0
