timestamps:
  login: 1342471944090
  lastteleport: 1342471998483
  logout: 1342472008278
ipAddress: 98.151.242.144
lastlocation:
  world: world
  x: 273.6306421543659
  y: 20.0
  z: 780.600914890831
  yaw: 105.44704
  pitch: 36.299965
money: 101.0
