timestamps:
  login: 1352615572335
  logout: 1352618209554
  lastteleport: 1352618065561
ipAddress: 24.130.64.45
lastlocation:
  world: world
  x: 235.85578697993589
  y: 102.5
  z: 325.5485360301812
  yaw: 67.02889
  pitch: 7.6500034
money: 1935.7749999999994
