lastlocation:
  world: world
  x: 1301.0
  y: 97.0
  z: 610.0
  yaw: 0.0
  pitch: 0.0
timestamps:
  login: 1361665775029
  logout: 1361665847766
ipAddress: 99.65.117.66
logoutlocation:
  world: world
  x: 822.0042177389553
  y: 64.0
  z: 1498.634467708296
  yaw: 223.19997
  pitch: 10.04993
