timestamps:
  login: 1348380297189
  logout: 1348381376354
ipAddress: 62.30.149.221
lastlocation:
  world: world
  x: 233.17698217492236
  y: 102.5
  z: 338.52090455138944
  yaw: 352.01038
  pitch: 3.4323473
money: 1500.0
