timestamps:
  login: 1347227506025
  lastteleport: 1347227555088
  logout: 1347227581395
ipAddress: 66.30.32.14
lastlocation:
  world: world
  x: 235.30848902474364
  y: 102.5
  z: 315.0687870897205
  yaw: 139.62328
  pitch: 7.5000224
money: 1500.0
