timestamps:
  login: 1345781586652
  logout: 1345782159148
ipAddress: 67.197.246.223
lastlocation:
  world: world
  x: 234.3240679593152
  y: 102.5
  z: 322.33211122528576
  yaw: -2.7265625
  pitch: 12.750012
money: 1500.0
