timestamps:
  login: 1348367729876
  lastteleport: 1348367032779
  logout: 1348368205096
ipAddress: 74.79.71.52
lastlocation:
  world: world
  x: 172.3480209513648
  y: 63.0
  z: 151.7144973805413
  yaw: -29.07251
  pitch: 41.700073
ban:
  reason: 'Banned: Griefing'
money: 1500.0
