timestamps:
  login: 1343076470599
  lastteleport: 1343076534145
  logout: 1343076479004
ipAddress: 90.212.203.25
lastlocation:
  world: world
  x: 222.5
  y: 154.0
  z: 325.5
  yaw: 270.88553
  pitch: 27.300005
money: 1500.0
