timestamps:
  login: 1346796670158
  logout: 1346796762093
ipAddress: 142.196.204.235
lastlocation:
  world: world
  x: 224.69999998807907
  y: 154.0
  z: 325.6752060890383
  yaw: 279.73557
  pitch: 10.799977
money: 1500.0
