lastlocation:
  world: realm
  x: 1816.7220815662479
  y: 64.0
  z: -3319.835394770922
  yaw: -272.39706
  pitch: 12.749904
timestamps:
  login: 1355013720150
  logout: 1355017466707
  lastteleport: 1355012736095
ipAddress: 99.54.104.107
afk: false
money: 1500.0
