lastlocation:
  world: world
  x: 962.1553772287214
  y: 64.0
  z: 175.69710289194114
  yaw: -148.69995
  pitch: 27.846703
timestamps:
  login: 1361539895319
  logout: 1361540328379
  lastteleport: 1361455658551
ipAddress: 50.150.21.224
homes:
  home:
    world: world
    x: 983.0300761412188
    y: 55.0
    z: 73.85883923195769
    yaw: -220.42212
    pitch: 40.353024
  tower:
    world: Ellesmera
    x: -825.3177461321467
    y: 66.0
    z: -1437.5691748739346
    yaw: -357.74182
    pitch: 26.816399
  im:
    world: Ellesmera
    x: -746.4379509726025
    y: 12.0
    z: -1435.5271204716144
    yaw: -207.00977
    pitch: 15.134753
  nether:
    world: world_nether
    x: 284.8419097602245
    y: 35.0
    z: 142.5327612881155
    yaw: -134.20645
    pitch: 25.176905
  nf:
    world: world_nether
    x: 880.1220218056193
    y: 75.0
    z: -97.69999998807907
    yaw: -25.97641
    pitch: 33.379204
  pit:
    world: world
    x: 961.5812992377105
    y: 67.0
    z: 194.6376726953839
    yaw: -59.943604
    pitch: 8.7744055
money: 5617.555235475621
