timestamps:
  login: 1347895658904
  logout: 1347895719104
  lastteleport: 1347891336022
ipAddress: 99.28.138.101
lastlocation:
  world: SkyBlockMultiplayer
  x: 151.12192882031613
  y: 64.0
  z: 2.2288043299446976
  yaw: 2.4497375
  pitch: 17.831348
afk: false
homes:
  home:
    world: SkyBlockMultiplayer
    x: 150.0
    y: 64.0
    z: 0.0
    yaw: -59.73948
    pitch: 30.533504
money: 1500.0
