timestamps:
  login: 1346610156578
  logout: 1346610493705
ipAddress: 174.73.109.139
lastlocation:
  world: world
  x: 238.30000001192093
  y: 127.02568037656715
  z: 328.4147990912878
  yaw: -70.511894
  pitch: 84.899994
money: 1500.0
