timestamps:
  login: 1340736509438
  lastteleport: 1340737276926
  logout: 1340737279617
ipAddress: 99.136.82.233
lastlocation:
  world: world
  x: 201.36379153470781
  y: 65.0
  z: 13.865639089084913
  yaw: -332.1007
  pitch: 7.1999846
money: 1500.0
