lastlocation:
  world: world
  x: 229.08788141474693
  y: 154.0
  z: 325.05921903019885
  yaw: 312.1354
  pitch: 23.550037
timestamps:
  login: 1346451966316
  logout: 1346452015454
ipAddress: 71.185.203.243
money: 1500.0
