timestamps:
  login: 1346455386148
  lastteleport: 1346455872789
  logout: 1346455935735
ipAddress: 75.84.36.61
lastlocation:
  world: world
  x: 817.6999999880791
  y: 63.0
  z: 1481.3508162126855
  yaw: 126.42192
  pitch: 76.7999
money: 1500.0
