timestamps:
  login: 1359402595714
  logout: 1359403482624
ipAddress: 90.199.43.164
lastlocation:
  world: Ellesmera
  x: -485.62614842172036
  y: 34.0
  z: -636.868392954272
  yaw: 171.7523
  pitch: 6.3430715
