timestamps:
  login: 1354577134251
  logout: 1354577454583
ipAddress: 70.74.162.33
money: 1500.0
lastlocation:
  world: world
  x: 1363.699999988079
  y: 16.0
  z: 618.3096069935045
  yaw: 108.300064
  pitch: -0.7499762
