timestamps:
  login: 1343750250892
  logout: 1343751036558
ipAddress: 71.95.64.219
lastlocation:
  world: world
  x: 904.3000000119208
  y: 60.200000047683794
  z: -161.69999998807907
  yaw: 106.51489
  pitch: -52.350002
money: 1500.0
