timestamps:
  login: 1363548008361
  logout: 1363548056190
  lastteleport: 1363547936988
ipAddress: 70.74.162.33
money: 1500.0
lastlocation:
  world: world
  x: 1362.525029599251
  y: 40.0
  z: 657.3542269684442
  yaw: -13.950032
  pitch: 41.100014
logoutlocation:
  world: arena
  x: 794.4782343670338
  y: 35.0
  z: -1221.5654259798964
  yaw: -51.449978
  pitch: 24.29995
