timestamps:
  login: 1350828587911
  logout: 1350828695214
ipAddress: 75.46.74.216
lastlocation:
  world: world
  x: 237.72624365948803
  y: 140.0
  z: 341.9522247943283
  yaw: -6.6905518
  pitch: 54.206215
money: 1500.0
