lastlocation:
  world: world
  x: 1302.5
  y: 148.62000000476837
  z: 617.5
  yaw: 270.88553
  pitch: 27.300005
timestamps:
  login: 1351969102128
  logout: 1351969110276
ipAddress: 98.224.187.89
money: 1500.0
