timestamps:
  login: 1350140806842
  logout: 1350140881534
ipAddress: 68.146.108.158
lastlocation:
  world: world
  x: 1301.597223224442
  y: 97.0
  z: 637.924992721734
  yaw: 225.30005
  pitch: -90.0
money: 1500.0
