timestamps:
  login: 1349751281093
  logout: 1349751609158
ipAddress: 24.86.246.116
lastlocation:
  world: world
  x: 413.5774666553998
  y: 65.0
  z: 1164.630205944679
  yaw: 54.29996
  pitch: 43.349995
money: 1500.0
