timestamps:
  login: 1350071822199
  logout: 1350072343873
ipAddress: 62.238.29.27
lastlocation:
  world: SkyBlockMultiplayer
  x: -15.15243658480839
  y: -167.1430822721799
  z: 4.340930551192324
  yaw: 106.19997
  pitch: 75.44998
money: 1500.0
