timestamps:
  login: 1343589426034
  lastteleport: 1343590537124
  logout: 1343590828698
ipAddress: 70.188.47.87
lastlocation:
  world: world
  x: 222.4634014410657
  y: 154.0
  z: 325.42945735718075
  yaw: -88.52719
  pitch: 19.049967
money: 2528.6500391015625
