timestamps:
  login: 1350598125792
  logout: 1350598161213
ipAddress: 99.105.87.14
lastlocation:
  world: world
  x: 218.77865927695225
  y: 153.0
  z: 330.34851010722264
  yaw: 287.68613
  pitch: -4.499988
money: 1500.0
