timestamps:
  login: 1359876849676
  lastteleport: 1359618782917
  logout: 1359876954907
ipAddress: 96.229.128.245
lastlocation:
  world: arena
  x: 800.7405383058648
  y: 32.5
  z: -1183.717319314586
  yaw: 10.540405
  pitch: 15.278482
