timestamps:
  login: 1363999002663
  lastteleport: 1359618782917
  logout: 1364000056715
ipAddress: 108.0.125.239
lastlocation:
  world: bastion
  x: 34.0248703606582
  y: 66.0
  z: 38.45125845041903
  yaw: 358.09827
  pitch: 9.025017
logoutlocation:
  world: bastion
  x: 101.94792903617844
  y: 65.0
  z: -216.30794529122204
  yaw: 7.312622
  pitch: 22.02151
