timestamps:
  login: 1362680068048
  lastteleport: 1359618782917
  logout: 1362680169415
ipAddress: 71.92.67.95
lastlocation:
  world: arena
  x: 800.7405383058648
  y: 32.5
  z: -1183.717319314586
  yaw: 10.540405
  pitch: 15.278482
logoutlocation:
  world: world
  x: 820.8107869196543
  y: 64.0
  z: 1481.8126967466776
  yaw: 193.15314
  pitch: -3.4166615
