timestamps:
  login: 1350260075534
  logout: 1350260102283
ipAddress: 70.171.248.80
lastlocation:
  world: world
  x: 238.6043791770895
  y: 140.0
  z: 340.1391786497002
  yaw: -220.70386
  pitch: 15.533152
money: 1500.0
