timestamps:
  login: 1346675997251
  logout: 1346676058574
ipAddress: 188.177.138.30
lastlocation:
  world: world
  x: 240.29993010344845
  y: 140.0
  z: 338.74050304219014
  yaw: -311.56464
  pitch: 4.050057
money: 1500.0
