timestamps:
  login: 1346401046088
  lastteleport: 1346315145080
  logout: 1346401066759
ipAddress: 98.203.150.127
lastlocation:
  world: world
  x: 851.4165246665708
  y: 64.0
  z: 1566.6434877795155
  yaw: 219.4751
  pitch: -32.400013
money: 1500.0
