timestamps:
  login: 1350198808754
  logout: 1350198902895
ipAddress: 84.48.86.37
lastlocation:
  world: world
  x: 239.43184874586325
  y: 140.0
  z: 307.61405923765204
  yaw: 15.135889
  pitch: -23.399984
money: 1500.0
