lastlocation:
  world: world
  x: 1301.0
  y: 97.0
  z: 610.0
  yaw: 0.0
  pitch: 0.0
timestamps:
  login: 1361661983054
  logout: 1361662685254
ipAddress: 84.30.106.145
logoutlocation:
  world: world
  x: 733.3570074813563
  y: 63.0
  z: 673.1770124026439
  yaw: -167.09723
  pitch: 2.9999921
