lastlocation:
  world: Ellesmera
  x: -517.5314559692778
  y: 67.0
  z: -600.3936439674335
  yaw: 130.04984
  pitch: 3.7499905
timestamps:
  login: 1359252518690
  logout: 1359252938245
ipAddress: 70.30.84.88
