timestamps:
  login: 1345745622428
  logout: 1345745823858
  lastteleport: 1345739954722
ipAddress: 83.85.120.213
lastlocation:
  world: Pern
  x: 170.69999998807907
  y: 65.0
  z: 579.3946374374985
  yaw: 45.948673
  pitch: 1.1493661
afk: false
money: 1500.0
