timestamps:
  login: 1357748101895
  logout: 1357749170733
  lastteleport: 1357749140853
ipAddress: 88.193.123.88
lastlocation:
  world: Ellesmera
  x: -487.451396572445
  y: 34.0
  z: -649.0009606959862
  yaw: 174.64119
  pitch: 11.037028
