timestamps:
  login: 1345972403139
  logout: 1345972454688
ipAddress: 211.28.224.140
lastlocation:
  world: void
  x: -20.4703541430818
  y: -69.849756789084
  z: 1.6319202650784552
  yaw: 318.15002
  pitch: 71.1
money: 1500.0
