timestamps:
  login: 1342708402668
  logout: 1342708859616
  lastteleport: 1342708664876
ipAddress: 62.228.184.235
lastlocation:
  world: world
  x: 1143.428412438549
  y: 70.0
  z: 1258.3733005089705
  yaw: -269.09726
  pitch: 13.799964
money: 9611.856606928846
