timestamps:
  login: 1341013280989
  lastteleport: 1341013390867
  logout: 1341013432359
ipAddress: 99.38.59.37
lastlocation:
  world: world
  x: 1324.535740249551
  y: 93.0
  z: 606.7016884623671
  yaw: -179.93312
  pitch: 9.055247
money: 1500.0
