timestamps:
  login: 1341846344772
  lastteleport: 1341846810080
  logout: 1341850638923
ipAddress: 208.89.76.194
lastlocation:
  world: world
  x: -1097.6999999880793
  y: 11.0
  z: 701.1191473726093
  yaw: 142.95175
  pitch: -14.250033
money: 5722.511468570292
