timestamps:
  login: 1353853712847
  logout: 1353854451763
  lastteleport: 1345895064974
ipAddress: 86.46.92.35
lastlocation:
  world: world
  x: 234.2583934947696
  y: 152.5
  z: 326.3786630563385
  yaw: 324.6698
  pitch: 46.424797
afk: false
money: 1500.0
