lastlocation:
  world: world
  x: 221.47426479497474
  y: 102.5
  z: 314.01935298732303
  yaw: -160.21478
  pitch: 68.84999
timestamps:
  login: 1353463817178
  logout: 1353464168549
ipAddress: 98.114.205.200
money: 1500.0
