timestamps:
  login: 1349971667783
  logout: 1349971746637
ipAddress: 188.176.148.48
lastlocation:
  world: world
  x: 233.3370476113259
  y: 140.0
  z: 341.09895506597064
  yaw: -228.4643
  pitch: 14.399981
money: 1500.0
