timestamps:
  login: 1344469754461
  lastteleport: 1344469996024
  logout: 1344470347383
ipAddress: 99.247.90.248
lastlocation:
  world: SkyBlockMultiplayer
  x: -7.995244111684212
  y: -114.15280991244133
  z: -3.661484615627594
  yaw: -259.8098
  pitch: 89.24999
money: 1500.0
