lastlocation:
  world: Ellesmera
  x: -532.8251902231058
  y: 65.0
  z: -569.250785534025
  yaw: -33.299973
  pitch: -0.29998708
timestamps:
  login: 1359832108875
  logout: 1359832234401
ipAddress: 174.26.254.242
