timestamps:
  login: 1348161670122
  lastteleport: 1347807690427
  logout: 1348161693168
ipAddress: 83.251.190.55
lastlocation:
  world: world
  x: 226.4211201298725
  y: 154.0
  z: 325.3238869807304
  yaw: 89.64676
  pitch: 9.942396
money: 1500.0
