timestamps:
  login: 1342818373928
  logout: 1342818978846
  lastteleport: 1342663463524
ipAddress: 207.216.218.11
lastlocation:
  world: world
  x: 1301.5
  y: 97.0
  z: 610.5
  yaw: -0.1526901
  pitch: -2.8499956
money: 200.0
