timestamps:
  login: 1349006391720
  logout: 1349006995648
ipAddress: 109.189.92.93
lastlocation:
  world: world
  x: 302.6549374656752
  y: 9.0
  z: 44.01145419517465
  yaw: 4.2354126
  pitch: 17.500769
ban:
  reason: 'Banned: Grief'
money: 1500.0
