lastlocation:
  world: arena
  x: 795.0714979771067
  y: 34.0
  z: -1222.7884368250789
  yaw: 127.20014
  pitch: 9.5999565
timestamps:
  login: 1363187884341
  logout: 1363187933592
  lastteleport: 1362957390219
ipAddress: 99.172.32.48
logoutlocation:
  world: arena
  x: 800.4006710879015
  y: 33.5
  z: -1221.699999988079
  yaw: 169.9501
  pitch: 8.100003
