lastlocation:
  world: skyworld
  x: 330.94420086492966
  y: 125.0
  z: 329.6770387002992
  yaw: 67.20178
  pitch: 39.450073
timestamps:
  login: 1362957373526
  logout: 1362956877881
  lastteleport: 1362957390219
ipAddress: 99.172.32.48
logoutlocation:
  world: Ellesmera
  x: -610.5207147257573
  y: 64.0
  z: -570.6371247524171
  yaw: 202.50085
  pitch: -88.65
