lastlocation:
  world: skyworld
  x: 330.94420086492966
  y: 125.0
  z: 329.6770387002992
  yaw: 67.20178
  pitch: 39.450073
timestamps:
  login: 1362957373526
  logout: 1362958182149
  lastteleport: 1362957390219
ipAddress: 99.172.32.48
logoutlocation:
  world: skyworld
  x: 329.30000001192093
  y: -277.5351231740553
  z: 329.30000001192093
  yaw: 119.69978
  pitch: 31.350002
