lastlocation:
  world: arena
  x: 795.0714979771067
  y: 34.0
  z: -1222.7884368250789
  yaw: 127.20014
  pitch: 9.5999565
timestamps:
  login: 1363012753536
  logout: 1363012776477
  lastteleport: 1362957390219
ipAddress: 99.172.32.48
logoutlocation:
  world: skyworld
  x: 326.6825635348568
  y: -277.4235075155697
  z: 333.1405391180589
  yaw: -196.06622
  pitch: -90.0
