lastlocation:
  world: void
  x: -35.2898434736653
  y: 64.0
  z: -7.42565262055906
  yaw: -271.63577
  pitch: 13.199979
timestamps:
  login: 1346760527245
  logout: 1346760602477
ipAddress: 62.107.110.156
money: 1500.0
