lastlocation:
  world: world
  x: 234.3240679593152
  y: 103.0
  z: 322.33211122528576
  yaw: -2.7265625
  pitch: 12.750012
timestamps:
  login: 1349625364300
  lastteleport: 1349612416941
  logout: 1349625573514
ipAddress: 67.251.120.50
money: 1500.0
