lastlocation:
  world: world
  x: 610.5366134894023
  y: 72.0
  z: 485.64415953079157
  yaw: 105.61493
  pitch: 24.900135
timestamps:
  login: 1352643266258
  logout: 1352643291057
  lastteleport: 1352613972882
ipAddress: 75.137.109.225
money: 1500.0
