timestamps:
  login: 1341625744603
  lastteleport: 1341626140263
  logout: 1341628222850
ipAddress: 99.73.209.177
lastlocation:
  world: world
  x: 208.80479487851412
  y: 5.0
  z: 208.4459809533562
  yaw: -47.10375
  pitch: 6.4499874
afk: false
money: 1500.0
