timestamps:
  login: 1348665169380
  logout: 1348665597168
ipAddress: 91.182.220.244
lastlocation:
  world: world
  x: 254.4176518395917
  y: 70.5
  z: 325.38979889964685
  yaw: 92.86182
  pitch: 7.0675373
money: 1500.0
