timestamps:
  login: 1362181199976
  logout: 1362181250216
ipAddress: 98.227.235.76
lastlocation:
  world: world
  x: 222.5
  y: 154.0
  z: 325.5
  yaw: 270.88553
  pitch: 27.300005
money: 1500.0
logoutlocation:
  world: world
  x: 235.05755357171066
  y: 140.0
  z: 307.80812818145216
  yaw: -182.56445
  pitch: -10.79999
