timestamps:
  login: 1347750053615
  logout: 1343893825849
ipAddress: 98.227.235.76
lastlocation:
  world: world
  x: 222.5
  y: 154.0
  z: 325.5
  yaw: 270.88553
  pitch: 27.300005
money: 1500.0
