timestamps:
  login: 1343320172556
  logout: 1343320841519
  lastteleport: 1343320291257
ipAddress: 71.91.141.188
lastlocation:
  world: world
  x: 397.0205041184535
  y: 76.0
  z: 150.97462403987458
  yaw: 250.5705
  pitch: 24.673445
money: 2774.2039999999997
