lastlocation:
  world: world
  x: 225.51249998807907
  y: 154.0
  z: 325.30000001192093
  yaw: 246.29039
  pitch: 26.230648
timestamps:
  login: 1361633087568
  logout: 1361633101301
ipAddress: 85.210.116.216
money: 1500.0
logoutlocation:
  world: world
  x: 225.51249998807907
  y: 154.0
  z: 325.30000001192093
  yaw: 246.29039
  pitch: 26.230648
