lastlocation:
  world: world
  x: 222.5
  y: 154.0
  z: 325.5
  yaw: 270.88553
  pitch: 27.300005
timestamps:
  login: 1351027451328
  logout: 1351027473499
ipAddress: 186.18.214.52
money: 1500.0
