timestamps:
  login: 1346482396848
  lastteleport: 1346482572485
  logout: 1346482574600
ipAddress: 94.255.202.76
lastlocation:
  world: world
  x: 233.1917401311081
  y: 102.5
  z: 313.10412965789857
  yaw: -41.115753
  pitch: 16.650105
money: 1500.0
