timestamps:
  login: 1348878518602
  logout: 1348878547679
ipAddress: 99.235.242.90
lastlocation:
  world: world
  x: 222.5
  y: 154.0
  z: 325.5
  yaw: 270.88553
  pitch: 27.300005
money: 1500.0
