timestamps:
  login: 1345901454629
  logout: 1345902067028
ipAddress: 99.91.145.27
lastlocation:
  world: world
  x: 907.6228297904136
  y: 63.0
  z: 1244.300000011921
  yaw: -67.330894
  pitch: 72.60001
money: 1500.0
