timestamps:
  login: 1343773908222
  logout: 1343773968988
ipAddress: 68.37.121.110
lastlocation:
  world: skylands
  x: -757.6781058504181
  y: 68.0
  z: -1125.3015690152533
  yaw: 269.0845
  pitch: 4.6500344
money: 1500.0
