lastlocation:
  world: arena
  x: 869.5684253434101
  y: 26.0
  z: -1231.0083046998288
  yaw: 167.21477
  pitch: 3.897755
timestamps:
  login: 1362958159166
  lastteleport: 1362938668938
  logout: 1362938727082
ipAddress: 107.8.178.198
logoutlocation:
  world: skyworld
  x: -220.93854012486926
  y: 125.0
  z: 112.11609280710049
  yaw: -118.76849
  pitch: 25.52567
