lastlocation:
  world: arena
  x: 869.5684253434101
  y: 26.0
  z: -1231.0083046998288
  yaw: 167.21477
  pitch: 3.897755
timestamps:
  login: 1362958159166
  lastteleport: 1362938668938
  logout: 1362959762889
ipAddress: 107.8.178.198
logoutlocation:
  world: skyworld
  x: -220.9377554107476
  y: 124.0
  z: 110.23815898771059
  yaw: 90.71753
  pitch: 11.952135
