timestamps:
  login: 1349891940744
  logout: 1349892013442
ipAddress: 86.183.208.9
lastlocation:
  world: world
  x: 248.08024944550743
  y: 140.0
  z: 319.581733443927
  yaw: -301.10712
  pitch: 10.464884
money: 1500.0
