timestamps:
  login: 1342843294187
  lastteleport: 1342843299255
  logout: 1342843380325
ipAddress: 184.18.196.98
lastlocation:
  world: skylands
  x: -544.8993999139391
  y: 44.0
  z: -1311.3860273971557
  yaw: 200.84738
  pitch: -1.799996
money: 1500.0
