timestamps:
  login: 1342035381939
  lastteleport: 1342035503913
ipAddress: 2.96.253.36
lastlocation:
  world: skylands
  x: -1010.2987839287591
  y: 86.0
  z: -1464.9903753233473
  yaw: 327.29977
  pitch: 2.0999455
