timestamps:
  login: 1346365630124
  logout: 1346365954836
ipAddress: 86.30.223.185
lastlocation:
  world: world
  x: 243.57347044562616
  y: 102.5
  z: 333.415155754428
  yaw: -88.66516
  pitch: -3.450006
money: 1500.0
