timestamps:
  login: 1346366424844
  logout: 1346366529959
ipAddress: 174.103.173.166
lastlocation:
  world: SkyBlockMultiplayer
  x: -49.02527659463272
  y: 64.0
  z: 151.4136969698665
  yaw: 226.5001
  pitch: 69.749985
money: 1500.0
