lastlocation:
  world: world
  x: 235.12354338741352
  y: 154.0
  z: 332.47825737508543
  yaw: -152.84277
  pitch: -3.4404314
timestamps:
  login: 1346678927725
  logout: 1346678945412
ipAddress: 80.216.89.214
money: 1500.0
