lastlocation:
  world: Pern
  x: -3446.8915197226397
  y: 61.062015546845196
  z: 5149.993586479104
  yaw: -68.22925
  pitch: 1.949983
timestamps:
  login: 1347225491524
  lastteleport: 1347226479671
  jail: 0
  logout: 1347227745916
ipAddress: 24.139.64.19
jailed: false
money: 1500.0
