lastlocation:
  world: Ellesmera
  x: -484.63147079640555
  y: 34.0
  z: -628.4576756611135
  yaw: -353.84232
  pitch: 5.3999844
timestamps:
  login: 1357939411027
  logout: 1357939440723
ipAddress: 78.69.62.174
