lastlocation:
  world: SkyBlockMultiplayer
  x: -0.8412787440417439
  y: -184.855771353146
  z: 0.447977259651225
  yaw: -104.39258
  pitch: -90.0
timestamps:
  login: 1347995528609
  logout: 1347995826635
ipAddress: 90.225.121.78
money: 1500.0
