lastlocation:
  world: Ellesmera
  x: -499.99522311803844
  y: 67.0
  z: -646.8037339057253
  yaw: -226.65001
  pitch: 30.9
timestamps:
  login: 1357952192659
  logout: 1357952257212
ipAddress: 184.36.243.121
