timestamps:
  login: 1348285381010
  lastteleport: 1348287481792
  logout: 1348287627535
ipAddress: 173.51.82.204
lastlocation:
  world: world
  x: 232.76627727173306
  y: 102.5
  z: 324.8869538487275
  yaw: 123.42344
  pitch: 9.150012
ban:
  reason: 'Banned: Griefing'
money: 1500.0
