lastlocation:
  world: arena
  x: 800.1173630787998
  y: 33.5
  z: -1220.5058606259981
  yaw: -3.4498806
  pitch: 13.349952
timestamps:
  login: 1363067031449
  lastteleport: 1363067068632
  logout: 1363067208399
ipAddress: 68.231.161.168
homes:
  home:
    world: Ellesmera
    x: 150.30401567206718
    y: 81.0
    z: -758.6999999880791
    yaw: 80.250824
    pitch: 44.550056
logoutlocation:
  world: Ellesmera
  x: 146.69999998807907
  y: 97.0
  z: -761.7839587890736
  yaw: 147.00082
  pitch: 72.60001
