timestamps:
  login: 1343626694009
  logout: 1343627923235
  lastteleport: 1343627660862
ipAddress: 99.151.32.138
lastlocation:
  world: world
  x: -926.8814952452076
  y: 67.0
  z: 481.3817086542612
  yaw: 248.11519
  pitch: -2.2499778
money: 1500.0
