lastlocation:
  world: world
  x: 229.09897893752895
  y: 159.1661092609382
  z: 324.0609668512709
  yaw: -74.426575
  pitch: -44.700058
timestamps:
  login: 1355122210274
  lastteleport: 1355122293866
  logout: 1355122316104
ipAddress: 84.108.69.83
money: 1500.0
