timestamps:
  login: 1347582734584
  logout: 1347582823396
  lastteleport: 1343424664281
ipAddress: 70.74.162.33
lastlocation:
  world: world
  x: 1074.699999988079
  y: 63.0
  z: 280.41034883515977
  yaw: 89.54669
  pitch: 17.400028
money: 11200.679881852187
