timestamps:
  login: 1349371060699
  logout: 1349371060725
ipAddress: 94.13.34.137
lastlocation:
  world: world
  x: 225.77336112989454
  y: 140.0
  z: 317.90203961022974
  yaw: -75.464874
  pitch: 4.8000035
money: 1500.0
