timestamps:
  login: 1345164255785
  lastteleport: 1344786296708
  logout: 1345164771431
ipAddress: 76.200.200.56
lastlocation:
  world: world_nether
  x: -30.385103198728924
  y: 59.0
  z: 160.69999998807907
  yaw: 288.062
  pitch: 40.269825
money: 3400.783901420726
