lastlocation:
  world: SkyBlockMultiplayer
  x: 6.288930652836914
  y: 1.0
  z: 46.61177925719244
  yaw: -27.599792
  pitch: 64.350006
timestamps:
  login: 1347187564684
  lastteleport: 1347187367122
  logout: 1347187643511
ipAddress: 83.208.66.161
money: 1500.0
