timestamps:
  login: 1349732809099
  logout: 1349731710013
  lastteleport: 1349731617493
ipAddress: 98.204.135.73
lastlocation:
  world: world
  x: 709.2052510126169
  y: 63.0
  z: -399.7598102576722
  yaw: 153.27238
  pitch: 38.437866
money: 1500.0
