lastlocation:
  world: world
  x: 1244.3394811631294
  y: 39.0
  z: 659.3000000119209
  yaw: 152.0
  pitch: 144.0
timestamps:
  login: 1356833609591
  logout: 1356833663420
ipAddress: 202.156.67.69
money: 1500.0
