timestamps:
  login: 1341013589083
  lastteleport: 1340689698229
  logout: 1341013592359
ipAddress: 174.26.94.171
lastlocation:
  world: world
  x: 282.11635105008116
  y: 73.0
  z: 147.45468758704192
  yaw: -7.35
  pitch: 3.7499998
money: 500.0
