timestamps:
  login: 1344473174497
  lastteleport: 1344472682788
  logout: 1344473379576
ipAddress: 75.109.11.163
lastlocation:
  world: SkyBlockMultiplayer
  x: -0.812268597925913
  y: 89.0
  z: 3.2462461011021744
  yaw: -162.75002
  pitch: 12.149994
money: 1500.0
