timestamps:
  login: 1353704038408
  logout: 1353704731587
ipAddress: 80.138.47.166
lastlocation:
  world: world
  x: 235.05470409833768
  y: 64.5
  z: 141.973859799921
  yaw: -172.52155
  pitch: 11.285543
money: 1500.0
