lastlocation:
  world: world
  x: 222.5
  y: 154.0
  z: 325.5
  yaw: 270.88553
  pitch: 27.300005
timestamps:
  login: 1348649432082
  logout: 1348649435993
ipAddress: 58.170.250.12
money: 1500.0
