lastlocation:
  world: Pern
  x: 217.33969826158136
  y: 74.0
  z: 243.87078716030194
  yaw: 271.21515
  pitch: -14.100005
timestamps:
  login: 1353730588480
  logout: 1353732803543
ipAddress: 65.129.107.90
money: 1500.0
