timestamps:
  login: 1340950290139
  lastteleport: 1340818096137
  logout: 1340950701313
ipAddress: 76.124.82.146
lastlocation:
  world: world
  x: -585.3000000119209
  y: 45.0
  z: 696.2180493577468
  yaw: 114.57585
  pitch: 5.2127886
money: 1902.651750000001
