timestamps:
  login: 1348438522109
  logout: 1348438563259
  lastteleport: 1347768369365
ipAddress: 220.244.122.72
lastlocation:
  world: world
  x: 262.574432628752
  y: 65.0
  z: 235.1780891185275
  yaw: 220.67163
  pitch: 26.579916
money: 1500.0
