lastlocation:
  world: world
  x: 232.4021432120025
  y: 102.5
  z: 331.7913706886509
  yaw: 170.37344
  pitch: 9.150012
timestamps:
  login: 1349219825100
  logout: 1349219881275
ipAddress: 108.86.50.96
money: 1500.0
