timestamps:
  login: 1346528251935
  logout: 1346528336911
ipAddress: 86.129.177.62
lastlocation:
  world: world
  x: 239.43444092550874
  y: 140.0
  z: 340.14354777268716
  yaw: -300.15967
  pitch: 22.14798
money: 1500.0
