lastlocation:
  world: world
  x: 236.64684987370134
  y: 140.0
  z: 310.07499998807907
  yaw: 20.863342
  pitch: -44.553616
timestamps:
  login: 1347696439465
  logout: 1347696541544
ipAddress: 87.104.119.176
money: 1500.0
