timestamps:
  login: 1346523131393
  logout: 1346523785260
ipAddress: 71.246.50.3
lastlocation:
  world: world
  x: 234.3132420542342
  y: 70.5
  z: 354.3414819379041
  yaw: -12.037716
  pitch: 22.31143
money: 1500.0
