timestamps:
  login: 1350766361360
  lastteleport: 1350765955985
  logout: 1350766753335
ipAddress: 99.16.80.195
lastlocation:
  world: world
  x: 185.39565510515
  y: 65.0
  z: 127.62469390027006
  yaw: 163.22424
  pitch: 14.550017
money: 1500.0
