lastlocation:
  world: world
  x: 925.0402292659787
  y: 64.0
  z: -2054.9630535561655
  yaw: 168.29803
  pitch: 3.4500241
timestamps:
  login: 1361491239179
  lastteleport: 1361493043220
ipAddress: 75.44.53.238
homes:
  home:
    world: skyworld
    x: 0.0
    y: 125.875
    z: 222.0
    yaw: -219.44995
    pitch: 42.000015
