lastlocation:
  world: arena
  x: 820.2104873118799
  y: 32.0
  z: -1222.971864398049
  yaw: -91.507484
  pitch: 8.609996
timestamps:
  login: 1360808403369
  logout: 1360808406977
  lastteleport: 1350159999487
ipAddress: 98.220.24.115
money: 1500.0
