timestamps:
  login: 1347125945621
  logout: 1347125951472
  lastteleport: 1346892770437
ipAddress: 98.220.24.115
lastlocation:
  world: world
  x: 234.3240679593152
  y: 102.53584062504456
  z: 322.33211122528576
  yaw: -54.38892
  pitch: 15.994508
money: 1500.0
