timestamps:
  login: 1357068871555
  logout: 1357068881213
  lastteleport: 1350589378755
ipAddress: 85.137.35.151
lastlocation:
  world: world
  x: 220.3488173505102
  y: 102.5
  z: 323.0649578507072
  yaw: -259.33667
  pitch: 14.874857
afk: false
money: 2642.2383723593734
