timestamps:
  login: 1343119344524
  logout: 1343012180482
  lastteleport: 1343012064199
ipAddress: 58.165.15.118
lastlocation:
  world: world
  x: 1278.2490932567543
  y: 96.0
  z: 618.057827053751
  yaw: 43.887268
  pitch: 26.461435
money: 1500.0
