timestamps:
  login: 1350059128880
  lastteleport: 1350059715106
  logout: 1350060470311
ipAddress: 89.10.224.161
lastlocation:
  world: world
  x: 232.09030344701787
  y: 103.12954374326524
  z: 321.30000001192093
  yaw: -0.9265608
  pitch: 12.150013
money: 1500.0
