timestamps:
  login: 1340820887916
  lastteleport: 1340816590047
  logout: 1340820960809
ipAddress: 99.157.245.240
lastlocation:
  world: world
  x: 1050.4663310013711
  y: 78.0
  z: -73.4079652428627
  yaw: 169.64752
  pitch: 15.900005
money: 1500.0
