lastlocation:
  world: world
  x: 237.80942572833396
  y: 143.0
  z: 324.7774878572743
  yaw: -157.52881
  pitch: 30.000017
timestamps:
  login: 1353343812348
  logout: 1353344224345
ipAddress: 173.60.224.12
money: 1500.0
