timestamps:
  login: 1343582310627
  logout: 1343582312465
ipAddress: 72.179.9.213
lastlocation:
  world: Dungeon
  x: 78.04805043355175
  y: 20.0
  z: 7.2155163826948145
  yaw: 14.93512
  pitch: 24.22392
money: 1500.0
