timestamps:
  login: 1342688632144
  lastteleport: 1342688937475
  logout: 1342688996837
ipAddress: 67.187.235.26
lastlocation:
  world: world
  x: 1301.5
  y: 97.0
  z: 610.5
  yaw: -0.0026900978
  pitch: -1.6499954
money: 1500.0
