timestamps:
  login: 1345914205397
  lastteleport: 1345914318492
  logout: 1345914337121
ipAddress: 99.42.48.63
lastlocation:
  world: void
  x: -2.5
  y: 51.0
  z: 10.5
  yaw: 126.63826
  pitch: 15.50819
money: 1500.0
