timestamps:
  login: 1345504358351
  lastteleport: 1345308241016
  logout: 1345415624940
ipAddress: 189.122.49.202
lastlocation:
  world: SkyBlockMultiplayer
  x: 49.85848398273811
  y: 64.0
  z: 0.09300878504291177
  yaw: 45.449997
  pitch: 90.0
money: 1500.0
