lastlocation:
  world: world
  x: 225.43813268872222
  y: 140.0
  z: 319.34584376662986
  yaw: -163.81409
  pitch: 15.45
timestamps:
  login: 1350170577379
  logout: 1350170919944
ipAddress: 71.167.112.69
money: 1500.0
