timestamps:
  login: 1347079217199
  lastteleport: 1347081760885
  logout: 1347082658199
ipAddress: 121.222.150.183
lastlocation:
  world: SkyBlockMultiplayer
  x: 52.38407710600647
  y: 64.0
  z: -250.22473228291966
  yaw: 9.299903
  pitch: -3.7498078
afk: false
money: 1500.0
