timestamps:
  login: 1350148939700
  logout: 1350149010452
ipAddress: 24.109.141.244
lastlocation:
  world: world
  x: 243.10702102592933
  y: 102.5
  z: 333.13423047386044
  yaw: -88.2265
  pitch: 13.500009
money: 1500.0
