timestamps:
  login: 1351115124166
  logout: 1351115920572
ipAddress: 71.173.69.107
lastlocation:
  world: world
  x: 235.14038852579952
  y: 140.0
  z: 342.2673495606356
  yaw: -35.275818
  pitch: 2.8500154
money: 1500.0
