timestamps:
  login: 1349224388692
  lastteleport: 1349223845107
  logout: 1349224518188
ipAddress: 14.35.222.8
lastlocation:
  world: world
  x: 234.0153313167632
  y: 103.50133597911214
  z: 312.6882601387085
  yaw: 170.37346
  pitch: 21.900017
ban:
  reason: 'Banned: flying/hacking'
money: 1500.0
