timestamps:
  login: 1346084900749
  lastteleport: 1346084449082
  logout: 1346085594167
ipAddress: 68.32.149.88
lastlocation:
  world: SkyBlockMultiplayer
  x: 4.25000587479263
  y: 64.0
  z: 153.34339620142362
  yaw: -173.10031
  pitch: 24.599699
money: 1500.0
