timestamps:
  login: 1346279277000
  logout: 1346279447226
ipAddress: 24.116.63.235
lastlocation:
  world: world
  x: 240.20704960825876
  y: 127.0
  z: 338.23333162911575
  yaw: -130.4451
  pitch: 7.44042
money: 1500.0
