timestamps:
  login: 1343597187322
  lastteleport: 1343597415419
  logout: 1343597700850
ipAddress: 77.97.173.232
lastlocation:
  world: SkyBlockMultiplayer
  x: -1.8283079343507582
  y: -197.9326102219729
  z: -212.7082156442559
  yaw: -181.35031
  pitch: 72.89968
money: 1500.0
