timestamps:
  login: 1362212818872
  logout: 1362212886944
ipAddress: 90.228.202.118
lastlocation:
  world: world
  x: 1301.0
  y: 97.0
  z: 610.0
  yaw: 0.0
  pitch: 0.0
logoutlocation:
  world: Ellesmera
  x: -485.5503877377053
  y: 65.0
  z: -536.2147254062602
  yaw: 173.85016
  pitch: 11.549949
