timestamps:
  login: 1348691858881
  lastteleport: 1348692101647
  logout: 1348692476634
ipAddress: 174.54.207.84
lastlocation:
  world: Pern
  x: 249.64433102033445
  y: 55.0
  z: 521.1771055432888
  yaw: 81.16542
  pitch: -19.493835
money: 1500.0
