timestamps:
  login: 1346150329169
  logout: 1346096519088
ipAddress: 77.101.125.88
lastlocation:
  world: world
  x: 241.561047971892
  y: 104.5
  z: 317.89138273194874
  yaw: -111.44987
  pitch: 19.950037
money: 1500.0
