lastlocation:
  world: Pern
  x: 186.92755540327641
  y: 64.0
  z: 616.4017675296649
  yaw: 88.88468
  pitch: 56.223534
timestamps:
  login: 1349908383902
  lastteleport: 1349908409415
  logout: 1349908491699
ipAddress: 173.35.67.128
money: 1500.0
