timestamps:
  login: 1343749401399
  lastteleport: 1343749189429
  logout: 1343749733127
ipAddress: 93.102.131.98
lastlocation:
  world: SkyBlockMultiplayer
  x: -190.3179470985609
  y: -192.38938903610887
  z: -45.18161822772708
  yaw: 107.434525
  pitch: 90.0
money: 1400.0
