timestamps:
  login: 1349717745439
  logout: 1349737040897
  lastteleport: 1349717893270
ipAddress: 86.147.167.124
lastlocation:
  world: world
  x: 233.36907248240257
  y: 103.05321338701523
  z: 321.30000001192093
  yaw: -284.95172
  pitch: -90.0
afk: false
money: 1500.0
