timestamps:
  login: 1340398140402
  lastteleport: 1340398407978
  logout: 1340398499828
ipAddress: 98.243.10.50
lastlocation:
  world: world
  x: 1269.2055728110415
  y: 96.0
  z: 613.6138058646675
  yaw: 64.648415
  pitch: 1.650086
money: 1200.0
