timestamps:
  login: 1348301553635
  logout: 1348302038454
  lastteleport: 1348301447506
ipAddress: 108.211.208.55
lastlocation:
  world: world
  x: 518.4903870745139
  y: 73.0
  z: 1287.3528632466075
  yaw: -81.82571
  pitch: -30.812794
money: 1500.0
