timestamps:
  login: 1360791236653
  lastteleport: 1360361873701
  logout: 1360791286104
ipAddress: 76.17.57.82
lastlocation:
  world: arena
  x: 796.3579891798319
  y: 33.5
  z: -1223.307537147234
  yaw: 234.75017
  pitch: 3.2999601
