timestamps:
  login: 1362346362391
  lastteleport: 1362346442081
  logout: 1362346545527
ipAddress: 76.17.57.82
lastlocation:
  world: arena
  x: 799.5624735919754
  y: 35.0
  z: -1221.9402891694065
  yaw: 5.4001217
  pitch: 10.049955
logoutlocation:
  world: arena
  x: 799.5624735919754
  y: 35.0
  z: -1221.9402891694065
  yaw: 0.45011976
  pitch: -4.6145917E-5
ban:
  reason: '§4Banned:

    §rGoodbye'
  timeout: 0
