lastlocation:
  world: Ellesmera
  x: -484.8689628616594
  y: 34.0
  z: -650.3282576434966
  yaw: -178.38501
  pitch: 6.557104
timestamps:
  login: 1360010943125
  logout: 1360011221741
ipAddress: 75.108.149.173
