timestamps:
  login: 1350673484113
  logout: 1350673535611
ipAddress: 24.69.69.240
lastlocation:
  world: world
  x: 235.60199864608592
  y: 148.26636799395752
  z: 327.0744099501523
  yaw: 290.60217
  pitch: 39.761024
money: 1500.0
