lastlocation:
  world: world
  x: 238.06226116675515
  y: 140.0
  z: 309.6169066367355
  yaw: -56.84983
  pitch: 11.288508
timestamps:
  login: 1347402005614
  logout: 1347402097549
ipAddress: 71.165.196.73
money: 1500.0
