timestamps:
  login: 1344560772419
  lastteleport: 1344567434343
  logout: 1344568147378
ipAddress: 68.231.238.207
lastlocation:
  world: world
  x: 354.0
  y: 72.5625
  z: -143.0
  yaw: 0.0
  pitch: 0.0
homes:
  home:
    world: world
    x: 354.5
    y: 72.0
    z: -144.5
    yaw: -341.51807
    pitch: 60.44999
money: 1500.0
