lastlocation:
  world: Notra
  x: 1531.7440805008905
  y: 40.0
  z: 420.8120019536044
  yaw: -174.7232
  pitch: 13.050007
timestamps:
  login: 1350985262746
  lastteleport: 1350985345782
  logout: 1350985387851
ipAddress: 58.96.49.191
money: 1500.0
