timestamps:
  login: 1355945358227
  logout: 1355945385126
  lastteleport: 1355945378434
ipAddress: 87.115.190.164
lastlocation:
  world: Ellesmera
  x: -484.3670596560207
  y: 34.0
  z: -642.5011771999248
  yaw: -288.71002
  pitch: 9.239701
afk: false
money: 13136.24812100091
