timestamps:
  login: 1345925388722
  logout: 1345925619391
ipAddress: 24.119.179.65
lastlocation:
  world: world
  x: 235.54870561691834
  y: 140.0
  z: 342.91485557835495
  yaw: 85.522736
  pitch: 32.24641
money: 1500.0
