timestamps:
  login: 1359888803048
  logout: 1359889038569
ipAddress: 94.172.52.182
lastlocation:
  world: Ellesmera
  x: -483.5289020241791
  y: 34.0
  z: -646.7560195850829
  yaw: -182.8422
  pitch: 1.0500194
