lastlocation:
  world: world
  x: 233.6209713122759
  y: 102.5
  z: 311.459477236583
  yaw: -352.54727
  pitch: 30.829119
timestamps:
  login: 1349620692782
  logout: 1349620831054
ipAddress: 90.227.79.219
money: 1500.0
