timestamps:
  login: 1348416961828
  logout: 1348416963469
ipAddress: 173.74.143.203
lastlocation:
  world: world
  x: 261.5
  y: 70.5
  z: 325.5
  yaw: 6.9265847
  pitch: 3.0000017
money: 1500.0
