timestamps:
  login: 1353224420747
  lastteleport: 1343569659523
  logout: 1353224444653
ipAddress: 80.0.35.137
lastlocation:
  world: Pern
  x: -5175.634376964099
  y: 68.0
  z: 5146.300000011921
  yaw: -130.42162
  pitch: 15.355346
money: 2900.0
