lastlocation:
  world: realm
  x: 4088.3206811862356
  y: 58.0
  z: -4092.0102388913706
  yaw: -121.568375
  pitch: 50.400047
timestamps:
  login: 1358077459676
  lastteleport: 1357258522618
  logout: 1358077464083
ipAddress: 109.158.231.57
money: 100.0
