lastlocation:
  world: Ellesmera
  x: -493.91999979037615
  y: 34.0
  z: -642.9436707763173
  yaw: 267.15784
  pitch: 16.200005
timestamps:
  login: 1360095917270
  logout: 1360096126220
ipAddress: 186.136.72.223
