timestamps:
  login: 1353189454555
  logout: 1353189606897
ipAddress: 71.127.53.110
lastlocation:
  world: world
  x: 1316.6039816658954
  y: 2.0
  z: 657.7520087839608
  yaw: 2.6658394
  pitch: 52.882957
money: 1500.0
