timestamps:
  login: 1341928183020
  logout: 1341928514784
  lastteleport: 1341860532353
ipAddress: 74.5.64.174
lastlocation:
  world: world
  x: -217.56005668833384
  y: 63.0
  z: 672.6999999880791
  yaw: -155.39949
  pitch: 18.749899
money: 3736.5666588827303
