lastlocation:
  world: Pern
  x: 462.23698536216534
  y: 63.10408037809304
  z: 208.5595982654309
  yaw: -6.135498
  pitch: 43.800007
timestamps:
  login: 1349718088788
  logout: 1349718393577
ipAddress: 184.167.164.7
money: 1500.0
