lastlocation:
  world: world
  x: 1301.0
  y: 97.0
  z: 610.0
  yaw: 0.0
  pitch: 0.0
timestamps:
  login: 1362867850518
  logout: 1362867874708
ipAddress: 71.88.208.33
logoutlocation:
  world: arena
  x: 787.0715497656827
  y: 32.0
  z: -1204.9272125377536
  yaw: 125.2501
  pitch: -1.8000474
