timestamps:
  login: 1347784429366
  logout: 1347784443296
ipAddress: 60.228.68.202
lastlocation:
  world: world
  x: 222.5
  y: 154.0
  z: 325.5
  yaw: 270.88553
  pitch: 27.300005
money: 1500.0
