timestamps:
  login: 1352056556175
  logout: 1352057421260
ipAddress: 46.208.118.70
lastlocation:
  world: world
  x: 110.38012138391863
  y: 77.20000004768372
  z: 695.6999999880791
  yaw: -358.48547
  pitch: -78.60001
money: 1500.0
