timestamps:
  login: 1340990911070
  logout: 1340993546652
  lastteleport: 1340991684994
ipAddress: 94.0.120.247
lastlocation:
  world: world
  x: 1273.6007097986758
  y: 96.0
  z: 614.8071617280035
  yaw: -29.097286
  pitch: 45.59999
money: 428.655
