timestamps:
  login: 1360380096742
  logout: 1360380188899
  lastteleport: 1357773321851
ipAddress: 31.185.57.24
lastlocation:
  world: Ellesmera
  x: -511.7975169933387
  y: 64.0
  z: 537.6622740855906
  yaw: -176.91838
  pitch: 7.159336
money: 30.0
