lastlocation:
  world: world
  x: -47.55296161300711
  y: 52.0
  z: 1535.3675497898648
  yaw: 91.59405
  pitch: 32.48774
timestamps:
  login: 1362963697962
  logout: 1362963716860
  lastteleport: 1362949064657
ipAddress: 71.246.17.149
afk: false
money: 1500.0
logoutlocation:
  world: world
  x: -51.75414040538327
  y: 71.0
  z: 1507.8565927544946
  yaw: -126.213776
  pitch: 1.9523426
homes:
  home:
    world: world
    x: -50.5
    y: 71.0
    z: 1503.5
    yaw: -101.64093
    pitch: 10.109849
