lastlocation:
  world: world
  x: -47.55296161300711
  y: 52.0
  z: 1535.3675497898648
  yaw: 91.59405
  pitch: 32.48774
timestamps:
  login: 1362957446023
  logout: 1362957936785
  lastteleport: 1362949064657
ipAddress: 96.245.199.193
afk: false
money: 1500.0
logoutlocation:
  world: world
  x: -45.92663653537399
  y: 71.0
  z: 1507.2627918873568
  yaw: -19.290527
  pitch: 90.0
homes:
  home:
    world: world
    x: -50.5
    y: 71.0
    z: 1503.5
    yaw: -101.64093
    pitch: 10.109849
