lastlocation:
  world: world
  x: 246.02117919746908
  y: 140.0
  z: 327.839630612031
  yaw: 88.5462
  pitch: 17.728144
timestamps:
  login: 1355621905369
  logout: 1355621906254
ipAddress: 76.99.130.235
afk: false
money: 1500.0
