timestamps:
  login: 1343154579120
  logout: 1343154674495
  lastteleport: 1343144303217
ipAddress: 76.119.248.80
lastlocation:
  world: world
  x: 234.3240679593152
  y: 102.5
  z: 322.33211122528576
  yaw: -2.7265625
  pitch: 12.750012
money: 1400.0
