timestamps:
  login: 1355683510415
  lastteleport: 1355683562771
  logout: 1355683602241
ipAddress: 108.98.139.106
lastlocation:
  world: world
  x: 233.02578059514897
  y: 141.0
  z: 324.70410346458965
  yaw: -338.8158
  pitch: 19.14462
money: 1500.0
