timestamps:
  login: 1340436487411
  logout: 1340439458274
ipAddress: 72.184.91.73
lastlocation:
  world: world
  x: 1273.0682764857625
  y: 96.0
  z: 611.4163023113572
  yaw: 88.95256
  pitch: -0.59998655
money: 1500.0
