timestamps:
  login: 1343478597660
  logout: 1343478742434
  lastteleport: 1343478687741
ipAddress: 85.164.158.69
lastlocation:
  world: world
  x: 234.9887600336518
  y: 102.5
  z: 339.55236902168264
  yaw: 61.953487
  pitch: -17.32621
money: 1500.0
