timestamps:
  login: 1345990319152
  logout: 1345991276451
ipAddress: 72.160.41.24
lastlocation:
  world: world
  x: 239.92500001192093
  y: 140.5
  z: 337.9920140982425
  yaw: -340.761
  pitch: -90.0
money: 1500.0
