timestamps:
  login: 1346563109671
  logout: 1346563227171
ipAddress: 27.253.7.70
lastlocation:
  world: world
  x: 221.5
  y: 154.0
  z: 326.5
  yaw: 72.43536
  pitch: 15.150061
money: 1500.0
