timestamps:
  login: 1346015285702
  logout: 1346015612202
ipAddress: 71.67.247.122
lastlocation:
  world: Notra
  x: 1558.0763636025117
  y: 49.0
  z: 472.83747243859256
  yaw: -3.285362
  pitch: 14.850024
money: 1500.0
