lastlocation:
  world: world
  x: 156.57603463598912
  y: 64.0
  z: 291.69999998807907
  yaw: -11.931256
  pitch: 90.0
timestamps:
  login: 1346516934983
  logout: 1346517183081
ipAddress: 92.246.22.112
money: 1500.0
