timestamps:
  login: 1358779924559
  logout: 1358780040344
ipAddress: 84.212.10.101
lastlocation:
  world: Ellesmera
  x: -514.4668156346427
  y: 62.379797938478035
  z: -545.4720619986945
  yaw: 351.59998
  pitch: 5.100007
