lastlocation:
  world: world
  x: 311.6001113849557
  y: 65.0
  z: 205.1623507036874
  yaw: -56.65744
  pitch: 4.8918233
timestamps:
  login: 1356886956095
  logout: 1356887047939
  mute: 0
ipAddress: 75.179.190.1
muted: true
money: 1507.5
