timestamps:
  login: 1345354907439
  logout: 1345355395973
ipAddress: 24.7.142.41
lastlocation:
  world: world_nether
  x: -45.69999998807907
  y: 35.0
  z: 184.30000001192093
  yaw: 191.42706
  pitch: -35.999866
money: 1500.0
