timestamps:
  login: 1346062439901
  lastteleport: 1346062680410
  logout: 1346062806003
ipAddress: 86.176.172.203
lastlocation:
  world: world
  x: 256.22172700523436
  y: 127.0
  z: 324.94644526581845
  yaw: -186.45001
  pitch: -4.949891
money: 1500.0
