timestamps:
  login: 1350726777931
  logout: 1350726791534
  lastteleport: 1350677837247
ipAddress: 188.114.154.76
lastlocation:
  world: world
  x: 125.62163504400179
  y: 70.20000000000006
  z: 556.4839089708423
  yaw: 336.0
  pitch: 80.0
money: 1500.0
