timestamps:
  login: 1348796137948
  logout: 1348796273245
ipAddress: 24.147.58.120
lastlocation:
  world: SkyBlockMultiplayer
  x: 203.57714165057936
  y: 4.0
  z: 1.4720704667644182
  yaw: 181.2154
  pitch: 73.23499
money: 1500.0
