lastlocation:
  world: world
  x: 222.15942047143068
  y: 102.5
  z: 314.6919113380762
  yaw: 144.7161
  pitch: -81.567795
timestamps:
  login: 1353343280386
  logout: 1353343699346
ipAddress: 80.7.140.77
money: 1500.0
