timestamps:
  login: 1343241914068
  logout: 1343243667275
ipAddress: 72.48.54.245
lastlocation:
  world: skylands
  x: -1321.300000011921
  y: 196.5317534464054
  z: -1518.2967898927893
  yaw: -22.336243
  pitch: 31.499895
money: 1500.0
