timestamps:
  login: 1352325250411
  logout: 1352325264454
ipAddress: 68.97.132.203
lastlocation:
  world: world
  x: 222.5
  y: 154.0
  z: 325.5
  yaw: 270.88553
  pitch: -9.899996
money: 1500.0
