lastlocation:
  world: world
  x: 305.9377886360837
  y: 70.0
  z: -110.4076708266942
  yaw: 212.1695
  pitch: 16.456615
timestamps:
  login: 1361728038924
  logout: 1361728044965
ipAddress: 24.231.87.18
money: 1500.0
afk: false
logoutlocation:
  world: world
  x: 305.9377886360837
  y: 70.0
  z: -110.4076708266942
  yaw: 222.0191
  pitch: 22.264633
