lastlocation:
  world: world
  x: 305.9377886360837
  y: 70.0
  z: -110.4076708266942
  yaw: 212.1695
  pitch: 16.456615
timestamps:
  login: 1359321787956
  logout: 1359321890522
ipAddress: 24.231.87.18
money: 1500.0
afk: false
