timestamps:
  login: 1346523110127
  logout: 1346523814391
ipAddress: 96.247.12.78
lastlocation:
  world: SkyBlockMultiplayer
  x: 201.69999998807907
  y: 63.0
  z: -48.332325243574424
  yaw: 87.52234
  pitch: 24.991205
money: 1500.0
