timestamps:
  login: 1344834450284
  lastteleport: 1344834172981
  logout: 1344834486805
ipAddress: 96.234.242.4
lastlocation:
  world: world
  x: -283.18086722485975
  y: 120.18746986345703
  z: 270.01865159494866
  yaw: -135.93536
  pitch: 90.0
money: 1500.0
