lastlocation:
  world: Ellesmera
  x: -476.6781354434573
  y: 34.0
  z: -646.9341749401001
  yaw: -265.1918
  pitch: -7.199995
timestamps:
  login: 1360092405417
  logout: 1360093446890
ipAddress: 84.202.68.167
