timestamps:
  login: 1350184718415
  logout: 1350185159863
ipAddress: 174.94.46.84
lastlocation:
  world: world
  x: 413.9054287142493
  y: 65.0
  z: 1164.8318170245661
  yaw: 123.9001
  pitch: 14.099992
money: 1500.0
