timestamps:
  login: 1362350532593
  logout: 1362350643845
ipAddress: 68.63.107.145
lastlocation:
  world: world
  x: 1301.0
  y: 97.0
  z: 610.0
  yaw: 0.0
  pitch: 0.0
logoutlocation:
  world: arena
  x: 776.7212944283777
  y: 32.0
  z: -1222.6325599724655
  yaw: 90.45004
  pitch: 2.699963
