timestamps:
  login: 1348619851406
  logout: 1348620305999
ipAddress: 98.121.76.26
lastlocation:
  world: Pern
  x: 220.45111169289137
  y: 68.0
  z: 237.3656460886226
  yaw: -6.7359314
  pitch: 28.200056
money: 1500.0
