lastlocation:
  world: world
  x: 235.83953963321403
  y: 116.7
  z: 315.07499998807907
  yaw: -14.251916
  pitch: 33.110325
timestamps:
  login: 1347663947476
  lastteleport: 1347664109299
  logout: 1347664496674
ipAddress: 101.161.164.3
money: 1500.0
