lastlocation:
  world: world
  x: 234.3240679593152
  y: 102.5
  z: 322.33211122528576
  yaw: -1.4756625
  pitch: 6.495512
timestamps:
  login: 1347149822214
  logout: 1347149873291
ipAddress: 71.165.196.73
money: 1500.0
