timestamps:
  login: 1345229899987
  lastteleport: 1345230321279
  logout: 1345230785924
ipAddress: 24.163.64.204
lastlocation:
  world: Pern
  x: 42.69999998807907
  y: 54.0
  z: 987.9331289871475
  yaw: 68.807434
  pitch: 33.70481
ban:
  reason: Temporarily banned from server for 4 months 18 days
  timeout: 1357326790082
money: 1515.0
