timestamps:
  login: 1348425492774
  lastteleport: 1348426190820
  logout: 1348426306078
ipAddress: 75.39.93.203
lastlocation:
  world: Pern
  x: -5174.244515202559
  y: 69.0
  z: 5278.310970579855
  yaw: 1.226384
  pitch: 34.799984
ban:
  reason: 'Banned: Hacking'
money: 1500.0
