timestamps:
  login: 1351133762122
  logout: 1351133770773
lastlocation:
  world: world
  x: 233.2832034805774
  y: 138.0
  z: 312.1453578974211
  yaw: 331.68585
  pitch: 53.253807
ipAddress: 76.169.253.177
money: 1500.0
