timestamps:
  login: 1347141002997
  logout: 1347141218106
ipAddress: 97.81.195.237
lastlocation:
  world: world
  x: 236.69999998807907
  y: 151.5
  z: 329.20926208833936
  yaw: 201.31958
  pitch: 32.906834
money: 1500.0
