timestamps:
  login: 1345904285088
  logout: 1345904444155
ipAddress: 173.24.17.178
lastlocation:
  world: world
  x: 242.80206648250294
  y: 102.5
  z: 333.6995094968099
  yaw: -86.71411
  pitch: -0.7498978
money: 1500.0
