timestamps:
  login: 1353257934148
  logout: 1353260608017
ipAddress: 184.61.112.248
lastlocation:
  world: world
  x: 236.29467783348377
  y: 139.70000004768372
  z: 327.7667533574941
  yaw: -322.06458
  pitch: 28.800041
afk: false
money: 1500.0
