timestamps:
  login: 1342866418442
  logout: 1342867338641
  lastteleport: 1342777676650
ipAddress: 77.70.89.135
lastlocation:
  world: world
  x: 1301.5
  y: 97.0
  z: 610.5
  yaw: -0.0026900978
  pitch: -1.6499954
money: 1500.0
