lastlocation:
  world: world
  x: 310.45297134944974
  y: 45.0
  z: 50.69999998807907
  yaw: 1.4238281
  pitch: -25.532953
timestamps:
  login: 1354585663532
  logout: 1354586397849
  lastteleport: 1354585676544
ipAddress: 173.63.13.41
money: 1500.0
