lastlocation:
  world: SkyBlockMultiplayer
  x: -48.60480184753264
  y: 50.938606709857595
  z: 41.72195739364847
  yaw: 5.3999023
  pitch: -53.09997
timestamps:
  login: 1349642658578
  logout: 1349643431409
  lastteleport: 1349364524350
ipAddress: 80.202.18.16
money: 1500.0
