timestamps:
  login: 1362537288092
  logout: 1362540083030
  lastteleport: 1362538203565
  mute: 0
ipAddress: 24.245.243.166
afk: false
ban:
  reason: Temporarily banned from server for  10 minutes
  timeout: 0
lastlocation:
  world: world
  x: 1003.6183803420298
  y: 37.0
  z: 1332.4474941993453
  yaw: -260.03796
  pitch: 2.1599932
muted: false
money: 146336.41531240297
logoutlocation:
  world: world
  x: 883.2028445788856
  y: 61.0
  z: 1340.300000011921
  yaw: -30.259521
  pitch: 1.5263996
