timestamps:
  login: 1362197498096
  logout: 1362197526675
  lastteleport: 1362185761386
  mute: 0
ipAddress: 24.245.243.166
afk: false
ban:
  reason: Temporarily banned from server for  10 minutes
  timeout: 0
lastlocation:
  world: world
  x: 928.9349674165264
  y: 60.0
  z: 1175.6336637991092
  yaw: -279.552
  pitch: 2.4575682
muted: false
money: 146336.41531240297
logoutlocation:
  world: world
  x: 874.3347718249101
  y: 64.0
  z: 1347.4775406871588
  yaw: 125.952034
  pitch: 24.576004
