timestamps:
  login: 1361754290988
  logout: 1361754491563
  lastteleport: 1361754484550
  mute: 0
ipAddress: 24.245.243.166
afk: false
ban:
  reason: Temporarily banned from server for  10 minutes
  timeout: 0
lastlocation:
  world: world
  x: 895.3488356303528
  y: 63.0
  z: 71.97257229308713
  yaw: -44.72412
  pitch: 6.4415965
muted: false
money: 146336.41531240297
logoutlocation:
  world: world
  x: 874.3000000119209
  y: 64.0
  z: 1346.932672754164
  yaw: -121.58347
  pitch: 35.932796
