timestamps:
  login: 1362097359834
  logout: 1362099080350
  lastteleport: 1362097737241
  mute: 0
ipAddress: 24.245.243.166
afk: false
ban:
  reason: Temporarily banned from server for  10 minutes
  timeout: 0
lastlocation:
  world: world
  x: 988.6999999880791
  y: 44.0
  z: 1356.300000011921
  yaw: -122.76965
  pitch: 13.814387
muted: false
money: 146336.41531240297
logoutlocation:
  world: world
  x: 874.6104319163151
  y: 64.0
  z: 1343.0266475892201
  yaw: -236.61987
  pitch: 18.729563
