timestamps:
  login: 1343529614296
  logout: 1343530127907
  lastteleport: 1343530048318
ipAddress: 97.81.222.179
lastlocation:
  world: world
  x: 230.19400545358934
  y: 154.0
  z: 325.66672229238844
  yaw: -90.37039
  pitch: 2.461166
money: 10070.0
