timestamps:
  login: 1348333118770
  logout: 1348333211975
ipAddress: 81.88.68.31
lastlocation:
  world: world
  x: 214.66861822888097
  y: 66.0
  z: 256.69999998807907
  yaw: -145.82947
  pitch: 70.11478
money: 1500.0
