lastlocation:
  world: Pern
  x: 219.65035603918255
  y: 71.0
  z: 241.9397980066343
  yaw: 349.36462
  pitch: 2.4000034
timestamps:
  login: 1354829206007
  logout: 1354829503505
ipAddress: 173.22.52.221
money: 1500.0
