lastlocation:
  world: world
  x: 151.39963443904375
  y: 54.0
  z: 219.8204052832128
  yaw: -179.21979
  pitch: 5.400033
timestamps:
  login: 1355965179379
  logout: 1355965502507
ipAddress: 99.123.131.121
afk: false
money: 1500.0
