timestamps:
  login: 1343268936136
  logout: 1343269563949
ipAddress: 207.98.190.38
lastlocation:
  world: world
  x: -24.2395463985019
  y: 70.0
  z: 28.179236384535184
  yaw: -267.7233
  pitch: 72.14999
money: 1500.0
