timestamps:
  login: 1345910808211
  logout: 1345910858866
ipAddress: 72.161.211.175
lastlocation:
  world: world
  x: 226.07499998807907
  y: 140.0
  z: 309.07827671819916
  yaw: -118.66459
  pitch: 7.199999
money: 1500.0
