timestamps:
  login: 1358735735843
  logout: 1358736480089
  lastteleport: 1358735973483
ipAddress: 199.76.158.138
lastlocation:
  world: world
  x: 173.73222218333098
  y: 64.0
  z: 92.759271791484
  yaw: 306.2765
  pitch: 16.8438
