timestamps:
  login: 1347121189219
  lastteleport: 1347121398671
  logout: 1347121408685
ipAddress: 80.197.255.158
lastlocation:
  world: world
  x: 234.5
  y: 102.92159999847412
  z: 322.5
  yaw: -2.7265625
  pitch: 12.750012
nickname: EyoXDoMineCraft
money: 1500.0
