timestamps:
  login: 1346692862378
  lastteleport: 1346692818253
  logout: 1346693086638
ipAddress: 108.204.52.10
lastlocation:
  world: world
  x: 44.72437232399742
  y: 68.0
  z: 286.33211509865185
  yaw: 143.57646
  pitch: 20.400024
money: 580.0
