timestamps:
  login: 1347841928292
  logout: 1347842255485
ipAddress: 50.51.153.200
lastlocation:
  world: world
  x: 233.44196280452226
  y: 102.5
  z: 322.50589219611635
  yaw: 194.37344
  pitch: 10.5000105
money: 1500.0
