timestamps:
  login: 1345907278653
  logout: 1345907346753
ipAddress: 67.167.220.46
lastlocation:
  world: world
  x: 238.50467228232398
  y: 147.5
  z: 327.80582528609733
  yaw: 215.25024
  pitch: 24.300053
money: 1500.0
