timestamps:
  login: 1344743276619
  logout: 1344743452802
  lastteleport: 1344566683407
ipAddress: 99.52.196.49
lastlocation:
  world: world_nether
  x: 47.300000011920936
  y: 32.0
  z: -24.69999998807907
  yaw: -48.292885
  pitch: 0.9032846
afk: false
money: 16.0
