timestamps:
  login: 1348329186984
  logout: 1348329208918
ipAddress: 72.160.200.228
lastlocation:
  world: world
  x: 222.5
  y: 154.0
  z: 325.5
  yaw: 270.88553
  pitch: 27.300005
money: 1500.0
