timestamps:
  login: 1343400683964
  logout: 1343400618187
  lastteleport: 1343400928935
ipAddress: 119.74.211.71
lastlocation:
  world: skylands
  x: -703.7226843680386
  y: -193.98033242918729
  z: -1173.0347709138177
  yaw: -45.89076
  pitch: -18.624205
money: 1500.0
