timestamps:
  login: 1345735079983
  logout: 1345735181403
  lastteleport: 1345475863004
ipAddress: 109.148.3.220
lastlocation:
  world: world
  x: 215.81586316786172
  y: 102.5
  z: 321.7212831456215
  yaw: 96.42344
  pitch: -11.849987
nickname: herpderp
afk: false
money: 30.0
