lastlocation:
  world: world
  x: 8.28465497554302
  y: 73.10408037809304
  z: 839.9355218892819
  yaw: -91.932495
  pitch: 17.249977
timestamps:
  login: 1348330193189
  logout: 1348331410570
ipAddress: 70.45.150.57
money: 1500.0
