lastlocation:
  world: world
  x: 234.2211329071696
  y: 102.5
  z: 322.9057315070096
  yaw: -26.688162
  pitch: 55.75801
timestamps:
  login: 1350241200802
  lastteleport: 1350239209245
  logout: 1350241923530
ipAddress: 87.113.0.49
afk: false
money: 1500.0
