timestamps:
  login: 1346062431709
  lastteleport: 1346062689661
  logout: 1346062797094
ipAddress: 86.176.172.203
lastlocation:
  world: void
  x: -34.5
  y: -407.7760557925169
  z: -19.5
  yaw: 166.49994
  pitch: 21.600033
money: 1500.0
