lastlocation:
  world: Ellesmera
  x: -945.1088571698207
  y: 64.0
  z: -1571.94590400124
  yaw: 155.8169
  pitch: 6.2999997
timestamps:
  login: 1362085465627
  lastteleport: 1362085545944
  logout: 1362085613347
ipAddress: 68.211.3.129
homes:
  home:
    world: Ellesmera
    x: -1016.5675179147956
    y: 64.0
    z: -1444.7401504982313
    yaw: -344.8247
    pitch: 9.789708
logoutlocation:
  world: Ellesmera
  x: -917.8252431908746
  y: 67.0
  z: -1516.300000011921
  yaw: 80.5459
  pitch: 36.032223
