lastlocation:
  world: Ellesmera
  x: -1020.3002015249666
  y: 64.0
  z: -1443.699999988079
  yaw: 285.9038
  pitch: 18.299988
timestamps:
  login: 1361305934498
  lastteleport: 1361301414854
  logout: 1361306710714
ipAddress: 72.152.168.86
