lastlocation:
  world: Ellesmera
  x: -826.6999999880791
  y: 66.0
  z: -1437.9536886327874
  yaw: 239.3869
  pitch: 11.781873
timestamps:
  login: 1361658174333
  lastteleport: 1361658272809
  logout: 1361658509994
ipAddress: 184.47.225.116
homes:
  home:
    world: Ellesmera
    x: -1016.5675179147956
    y: 64.0
    z: -1444.7401504982313
    yaw: -344.8247
    pitch: 9.789708
logoutlocation:
  world: Ellesmera
  x: -1020.6999999880791
  y: 64.0
  z: -1442.0119932351029
  yaw: 332.1253
  pitch: 23.439697
