lastlocation:
  world: Ellesmera
  x: -945.1088571698207
  y: 64.0
  z: -1571.94590400124
  yaw: 155.8169
  pitch: 6.2999997
timestamps:
  login: 1362613929198
  lastteleport: 1362085545944
  logout: 1362613955186
ipAddress: 68.211.1.83
homes:
  home:
    world: Ellesmera
    x: -1016.5675179147956
    y: 64.0
    z: -1444.7401504982313
    yaw: -344.8247
    pitch: 9.789708
logoutlocation:
  world: Ellesmera
  x: -919.3000000119209
  y: 69.0
  z: -1510.0669291416552
  yaw: 22.045746
  pitch: 10.649999
