lastlocation:
  world: Ellesmera
  x: -945.1088571698207
  y: 64.0
  z: -1571.94590400124
  yaw: 155.8169
  pitch: 6.2999997
timestamps:
  login: 1362169978822
  lastteleport: 1362085545944
  logout: 1362170020489
ipAddress: 68.211.3.248
homes:
  home:
    world: Ellesmera
    x: -1016.5675179147956
    y: 64.0
    z: -1444.7401504982313
    yaw: -344.8247
    pitch: 9.789708
logoutlocation:
  world: Ellesmera
  x: -925.6999999880791
  y: 67.0
  z: -1506.3576518924383
  yaw: 72.14581
  pitch: 10.799995
