lastlocation:
  world: arena
  x: 105.30838132984576
  y: 58.0
  z: -32.13909464260924
  yaw: 304.20087
  pitch: 23.549942
timestamps:
  login: 1361839424801
  lastteleport: 1361658272809
  logout: 1361839525390
ipAddress: 68.211.3.173
homes:
  home:
    world: Ellesmera
    x: -1016.5675179147956
    y: 64.0
    z: -1444.7401504982313
    yaw: -344.8247
    pitch: 9.789708
logoutlocation:
  world: Ellesmera
  x: -1020.687752188121
  y: 67.0
  z: -1446.0846080967367
  yaw: 132.17627
  pitch: 31.050001
