lastlocation:
  world: world
  x: 232.49031213915444
  y: 102.5
  z: 334.7219613732314
  yaw: 92.88699
  pitch: -7.7992573
timestamps:
  login: 1348074511914
  lastteleport: 1348075601519
  logout: 1348075970715
ipAddress: 77.86.67.213
money: 1500.0
