lastlocation:
  world: Ellesmera
  x: -920.4056888799196
  y: 68.53584062504456
  z: -1509.610634240478
  yaw: 113.09574
  pitch: 5.3999977
timestamps:
  login: 1363308324032
  lastteleport: 1363308370736
  logout: 1363308530127
ipAddress: 68.211.2.163
homes:
  home:
    world: Ellesmera
    x: -1016.5675179147956
    y: 64.0
    z: -1444.7401504982313
    yaw: -344.8247
    pitch: 9.789708
logoutlocation:
  world: world
  x: 924.6322864316865
  y: 64.0
  z: 40.527199426042344
  yaw: 243.14539
  pitch: -18.899982
