timestamps:
  login: 1341806584069
  lastteleport: 1341806656083
  logout: 1341807122852
ipAddress: 74.130.202.79
lastlocation:
  world: world
  x: 1308.6539564762918
  y: 96.0
  z: 585.8435126491809
  yaw: 85.350006
  pitch: 6.150004
money: 1500.0
