lastlocation:
  world: world
  x: 1301.0
  y: 97.0
  z: 610.0
  yaw: 0.0
  pitch: 0.0
timestamps:
  login: 1362511265681
  logout: 1362511328058
ipAddress: 67.242.85.239
logoutlocation:
  world: arena
  x: 802.0197805946218
  y: 33.5
  z: -1222.6180916006606
  yaw: 17.401398
  pitch: 11.249898
