timestamps:
  login: 1347071723578
  logout: 1347071981049
ipAddress: 174.111.61.199
lastlocation:
  world: world
  x: 232.81462324700598
  y: 102.5
  z: 337.5293479531699
  yaw: 356.82214
  pitch: 5.85001
money: 1500.0
