timestamps:
  login: 1353067802069
  logout: 1353068024444
ipAddress: 79.161.119.96
lastlocation:
  world: world
  x: 211.35204339086218
  y: 63.0
  z: 437.0494420816716
  yaw: 97.96388
  pitch: 0.29999977
money: 1500.0
