timestamps:
  login: 1346604376634
  logout: 1346604923271
ipAddress: 94.210.235.242
lastlocation:
  world: world
  x: 1310.7733541464802
  y: 96.0
  z: 586.6050757850456
  yaw: 278.55005
  pitch: 10.049975
ban:
  reason: 'Banned: The Ban Hammer has spoken!'
money: 1500.0
