timestamps:
  login: 1362332929419
  logout: 1362334100480
  lastteleport: 1362333042952
ipAddress: 67.169.227.70
lastlocation:
  world: world
  x: 849.5
  y: 64.0
  z: 1580.5
  yaw: 88.05
  pitch: 17.549974
money: 122383.98278323511
afk: false
homes:
  home:
    world: Notra
    x: 1523.7369260235812
    y: 70.0
    z: 767.9637174367688
    yaw: -169.17432
    pitch: 90.0
logoutlocation:
  world: world
  x: 954.3000000119209
  y: 64.0
  z: 1284.699999988079
  yaw: 154.94974
  pitch: -0.44999975
