timestamps:
  login: 1359979108817
  logout: 1359979115640
ipAddress: 91.105.8.53
lastlocation:
  world: arena
  x: 590.9304878695498
  y: 32.0
  z: -334.84237329534085
  yaw: -198.7437
  pitch: 6.3000045
money: 1500.0
