lastlocation:
  world: world
  x: 1311.5
  y: 97.0
  z: 638.5
  yaw: 92.549774
  pitch: 1.6499953
timestamps:
  login: 1346489599651
  logout: 1346489901745
ipAddress: 96.48.243.250
money: 1500.0
