timestamps:
  login: 1349789779119
  logout: 1349790259157
ipAddress: 68.6.252.64
lastlocation:
  world: world
  x: 235.07778350991092
  y: 127.0
  z: 310.26450188179456
  yaw: -315.0287
  pitch: 10.25258
money: 1500.0
