timestamps:
  login: 1350262058374
  logout: 1350262083066
ipAddress: 177.33.19.4
lastlocation:
  world: world
  x: 224.28231180110768
  y: 154.0
  z: 325.52281319341125
  yaw: 269.08563
  pitch: 23.850004
money: 1500.0
