timestamps:
  login: 1346813212079
  logout: 1346813588866
  lastteleport: 1346793985999
ipAddress: 173.217.11.164
lastlocation:
  world: SkyBlockMultiplayer
  x: -149.3311351891731
  y: 65.0
  z: -148.97548187954757
  yaw: -98.25037
  pitch: 23.549984
money: 1500.0
