timestamps:
  login: 1342007104670
  logout: 1342007150851
  lastteleport: 1341858303888
ipAddress: 83.233.138.16
lastlocation:
  world: SkyBlockMultiplayer
  x: -100.58181944059515
  y: -149.7108535676889
  z: -52.019926979234725
  yaw: -26.22645
  pitch: -39.897835
money: 1200.0
