timestamps:
  login: 1350563005802
  lastteleport: 1350563079075
  logout: 1350563101366
ipAddress: 188.179.45.237
lastlocation:
  world: world
  x: 213.59673151517688
  y: 71.0
  z: 318.49221358031343
  yaw: 185.62163
  pitch: 2.7017665
money: 1500.0
