lastlocation:
  world: world
  x: 242.05135368414184
  y: 102.5
  z: 322.4365670598962
  yaw: -82.89768
  pitch: 0.21140002
timestamps:
  login: 1349632493208
  lastteleport: 1349632591783
  logout: 1349632605587
ipAddress: 71.162.119.181
money: 1500.0
