timestamps:
  login: 1345643819715
  logout: 1345644806421
ipAddress: 75.162.225.172
lastlocation:
  world: world
  x: 338.2414919577301
  y: 68.0
  z: 120.1487272696474
  yaw: 208.5473
  pitch: 6.3886976
money: 1500.0
