timestamps:
  login: 1345475663347
  logout: 1345475739097
  lastteleport: 1345475586875
ipAddress: 87.183.73.150
lastlocation:
  world: world
  x: 227.14699214351353
  y: 102.5
  z: 324.0688484449635
  yaw: 112.62322
  pitch: 14.904255
money: 1500.0
