lastlocation:
  world: world
  x: 230.3061050441022
  y: 102.5
  z: 314.70966060897723
  yaw: 273.73425
  pitch: 25.949963
timestamps:
  login: 1354579924344
  logout: 1354580304582
ipAddress: 98.81.128.84
money: 1500.0
