lastlocation:
  world: Pern
  x: -5527.7856109486565
  y: 72.0
  z: 5284.265071811044
  yaw: 84.76972
  pitch: -24.449974
timestamps:
  login: 1350056067514
  logout: 1350056291732
  lastteleport: 1350056117984
ipAddress: 83.93.53.16
money: 1500.0
