timestamps:
  login: 1350147313024
  logout: 1350147367455
lastlocation:
  world: world
  x: 234.3240679593152
  y: 102.5
  z: 322.33211122528576
  yaw: 95.07342
  pitch: 9.000011
ipAddress: 87.207.3.11
money: 1500.0
