lastlocation:
  world: Pern
  x: -604.6999999880791
  y: 54.0
  z: 305.14038326100786
  yaw: -76.74107
  pitch: 14.162745
timestamps:
  login: 1349608067613
  lastteleport: 1349610414148
  logout: 1349610465827
ipAddress: 91.150.230.27
afk: false
money: 1500.0
