timestamps:
  login: 1362530390575
  lastteleport: 1362259166727
  logout: 1362530424468
ipAddress: 184.98.140.163
lastlocation:
  world: arena
  x: 799.5624735919754
  y: 35.0
  z: -1221.9402891694065
  yaw: 180.75017
  pitch: 8.099958
logoutlocation:
  world: skyworld
  x: -222.30000001192093
  y: 125.875
  z: -216.69999998807907
  yaw: 266.84912
  pitch: 37.200012
