timestamps:
  login: 1346702126535
  logout: 1346702151115
ipAddress: 94.5.11.147
lastlocation:
  world: world
  x: 236.48458670281445
  y: 142.0
  z: 322.79410772135185
  yaw: -218.71454
  pitch: 55.799995
money: 1500.0
