timestamps:
  login: 1350187460377
  logout: 1350187474974
ipAddress: 98.90.193.236
lastlocation:
  world: world
  x: 233.87060452887332
  y: 102.5
  z: 313.82137232428477
  yaw: 18.723415
  pitch: 5.700015
money: 1500.0
