timestamps:
  login: 1346799794740
  logout: 1346800828354
  lastteleport: 1346800374477
ipAddress: 24.52.209.99
lastlocation:
  world: world
  x: 686.3977174260468
  y: 63.0
  z: -371.6689344171273
  yaw: 297.33112
  pitch: 9.300001
money: 6692.01356980443
