timestamps:
  login: 1341876094303
  logout: 1341876396676
  jail: 0
ipAddress: 72.197.245.33
lastlocation:
  world: skylands
  x: -907.2221414920201
  y: 72.0
  z: -1054.2629561228625
  yaw: -227.557
  pitch: 18.750015
jailed: false
money: 1500.0
