lastlocation:
  world: world
  x: 234.5258881467277
  y: 102.5
  z: 321.073757938919
  yaw: -182.24121
  pitch: 10.742406
ipAddress: 84.181.39.208
money: 1500.0
