timestamps:
  login: 1346522686808
  logout: 1346523417368
ipAddress: 67.186.124.48
lastlocation:
  world: world
  x: 261.5
  y: 71.0
  z: 325.5
  yaw: 90.62659
  pitch: -40.499985
money: 1500.0
