timestamps:
  login: 1342170174462
  lastteleport: 1342124432685
  logout: 1342170255503
ipAddress: 84.106.105.245
lastlocation:
  world: world
  x: -264.7844108765624
  y: 63.0
  z: 563.8671220576298
  yaw: -57.299164
  pitch: 38.399826
afk: false
money: 1500.0
