timestamps:
  login: 1362723208656
  logout: 1362723350948
ipAddress: 71.193.208.99
lastlocation:
  world: world
  x: 1301.0
  y: 97.0
  z: 610.0
  yaw: 0.0
  pitch: 0.0
logoutlocation:
  world: arena
  x: 798.1695232405574
  y: 33.5
  z: -1225.359868140048
  yaw: 209.39998
  pitch: 16.949959
