timestamps:
  login: 1342668289517
  lastteleport: 1342668412551
  logout: 1342668487396
ipAddress: 166.82.206.93
lastlocation:
  world: world
  x: 1286.3824150772136
  y: 96.0
  z: 614.0463844953956
  yaw: 26.159973
  pitch: 23.347193
money: 1500.0
