timestamps:
  login: 1348773208372
  lastteleport: 1348774557855
  logout: 1348774655652
ipAddress: 98.85.143.169
lastlocation:
  world: world
  x: 232.00167094268505
  y: 65.0
  z: 183.94011869850556
  yaw: 2.9322696
  pitch: -9.698526
ban:
  reason: 'Banned: Grief'
money: 1500.0
