lastlocation:
  world: Ellesmera
  x: -1089.4646297786942
  y: 64.0
  z: -695.9031359410976
  yaw: 46.500027
  pitch: 19.199986
timestamps:
  login: 1359329412538
  logout: 1359330029078
ipAddress: 99.238.166.69
