timestamps:
  login: 1360102490106
  logout: 1360106084939
  lastteleport: 1360102552475
ipAddress: 72.182.98.210
lastlocation:
  world: arena
  x: 842.464050142392
  y: 32.0
  z: -1221.9222275421562
  yaw: 278.10352
  pitch: 0.900037
afk: false
money: 30.0
