lastlocation:
  world: world
  x: 226.09137730587094
  y: 132.0
  z: 342.08686546046374
  yaw: -108.262634
  pitch: 22.20125
timestamps:
  login: 1346407554771
  logout: 1346408341514
ipAddress: 81.154.132.178
money: 1500.0
