timestamps:
  login: 1342035387975
  logout: 1342035371905
  lastteleport: 1342034620196
ipAddress: 71.234.249.87
lastlocation:
  world: world
  x: 1280.1809749665485
  y: 2.753199980521202
  z: 598.2282111153335
  yaw: -81.749825
  pitch: 12.585605
