lastlocation:
  world: world
  x: 726.3767914676669
  y: 30.0
  z: -570.3360607844155
  yaw: 36.18458
  pitch: 32.10007
timestamps:
  login: 1359410302545
  lastteleport: 1359147004651
  logout: 1359410398861
  mute: 0
ipAddress: 98.253.135.4
homes:
  home:
    world: world
    x: 665.1286017740747
    y: 29.0
    z: -570.675877899413
    yaw: -83.81543
    pitch: 8.400053
afk: false
nickname: §0M§1e§2g§3a§4m§5a§6n§92§a4§b9§c8§e1
money: 10880.083558094535
muted: false
