timestamps:
  login: 1346291579827
  logout: 1346291585612
ipAddress: 108.245.213.104
lastlocation:
  world: world
  x: 232.73581955487057
  y: 127.0
  z: 306.57389781656076
  yaw: -284.4266
  pitch: -25.799992
money: 1500.0
