timestamps:
  login: 1345240212959
  logout: 1345240244571
  lastteleport: 1341941118399
ipAddress: 83.80.254.62
lastlocation:
  world: world
  x: 235.13977577886433
  y: 102.5
  z: 332.16165691352325
  yaw: -10.976571
  pitch: 27.60001
afk: false
money: 283.0
