lastlocation:
  world: Pern
  x: 216.72590014863857
  y: 71.0
  z: 257.43432718443904
  yaw: 69.92618
  pitch: 15.149984
timestamps:
  login: 1348593880658
  logout: 1348594099365
ipAddress: 99.239.177.224
money: 1500.0
