timestamps:
  login: 1346708993199
  logout: 1346709309660
ipAddress: 96.28.196.44
lastlocation:
  world: void
  x: -28.636093708474824
  y: 62.0
  z: 6.923949643297234
  yaw: -27.29792
  pitch: 24.788036
afk: false
money: 1507.5
