timestamps:
  login: 1346768983227
  logout: 1346768804436
  lastteleport: 1346769339884
ipAddress: 62.228.219.139
lastlocation:
  world: world
  x: 356.30000001192093
  y: 76.0
  z: -136.8870925370959
  yaw: 72.30021
  pitch: 45.45
ban:
  reason: 'Banned: grief'
money: 1500.0
