timestamps:
  login: 1347141813388
  logout: 1347141983105
ipAddress: 108.192.67.88
lastlocation:
  world: world
  x: 246.7655817508789
  y: 102.5
  z: 325.1080476849421
  yaw: 88.147705
  pitch: 16.068407
money: 1500.0
