timestamps:
  login: 1346369179211
  lastteleport: 1346369776177
  logout: 1346369925194
ipAddress: 199.87.127.96
lastlocation:
  world: world
  x: 213.35902582959972
  y: 103.0
  z: 323.10729122660064
  yaw: -46.076485
  pitch: 6.450011
money: 1500.0
