timestamps:
  login: 1346326383533
  logout: 1346329173445
  lastteleport: 1346327250130
ipAddress: 81.165.227.228
lastlocation:
  world: SkyBlockMultiplayer
  x: 152.3314690129121
  y: 64.0
  z: 50.0220138557195
  yaw: -331.6526
  pitch: 23.250002
afk: false
money: 1500.0
