timestamps:
  login: 1347653076419
  logout: 1347653266872
ipAddress: 79.160.213.182
lastlocation:
  world: world
  x: 255.40391076842565
  y: 64.5
  z: 237.5084582504397
  yaw: 83.41256
  pitch: 1.0499681
money: 1500.0
