lastlocation:
  world: world
  x: 243.30000001192093
  y: 102.60408037809304
  z: 334.3921892357213
  yaw: 273.5735
  pitch: 2.4000058
timestamps:
  login: 1349220006007
  logout: 1349220076275
  lastteleport: 1349220022092
ipAddress: 70.178.38.250
money: 1500.0
