lastlocation:
  world: world
  x: 255.1112006304661
  y: 64.5
  z: 372.68877928941123
  yaw: -81.43467
  pitch: -30.450035
timestamps:
  login: 1347294297578
  logout: 1347294682129
ipAddress: 91.182.219.35
money: 1500.0
