timestamps:
  login: 1346003749987
  logout: 1346003774671
ipAddress: 67.193.118.183
lastlocation:
  world: world
  x: 239.68929890655866
  y: 154.0
  z: 329.13494245214815
  yaw: 35.68518
  pitch: -34.050003
money: 1500.0
