lastlocation:
  world: Ellesmera
  x: -484.8499420404424
  y: 34.0
  z: -638.5125265441443
  yaw: 0.30688477
  pitch: -11.250002
timestamps:
  login: 1360632097063
  logout: 1360632118066
ipAddress: 68.98.166.53
