timestamps:
  login: 1346101277169
  logout: 1346101915554
ipAddress: 50.43.14.2
lastlocation:
  world: SkyBlockMultiplayer
  x: -200.0
  y: 64.0
  z: 0.0
  yaw: -13.349998
  pitch: 48.749996
money: 1500.0
