timestamps:
  login: 1348185337235
  logout: 1348185423121
  lastteleport: 1346692910376
ipAddress: 71.171.113.110
lastlocation:
  world: world
  x: 264.2569301978972
  y: 67.0
  z: 296.96450004002793
  yaw: -222.72388
  pitch: 12.000024
afk: false
money: 1500.0
