timestamps:
  login: 1346495558571
  lastteleport: 1346495968882
  logout: 1346496460221
ipAddress: 89.243.27.24
lastlocation:
  world: SkyBlockMultiplayer
  x: -50.30000001192093
  y: 63.0
  z: -198.69999998807907
  yaw: 296.4534
  pitch: 52.500935
money: 1500.0
