timestamps:
  login: 1349809020570
  logout: 1349810012604
ipAddress: 70.193.129.193
lastlocation:
  world: world
  x: 234.3240679593152
  y: 102.53584062504456
  z: 322.33211122528576
  yaw: -2.7265625
  pitch: 12.750012
money: 1500.0
