timestamps:
  login: 1345498321164
  logout: 1345498406344
ipAddress: 98.223.139.16
lastlocation:
  world: world
  x: 231.98951031658402
  y: 102.5
  z: 330.80817494036046
  yaw: -57.314148
  pitch: -32.399963
money: 1500.0
