lastlocation:
  world: world
  x: 286.06425126410755
  y: 65.0
  z: 175.91815493263636
  yaw: 23.11554
  pitch: -2.3999968
timestamps:
  login: 1353762654297
  logout: 1353763101074
ipAddress: 46.79.97.11
money: 1500.0
