timestamps:
  login: 1349480831073
  lastteleport: 1349481158847
  logout: 1349481376975
ipAddress: 68.193.4.121
lastlocation:
  world: world
  x: 179.55771165986624
  y: 65.0
  z: 599.2071613902889
  yaw: -44.823456
  pitch: 9.900002
afk: false
money: 1467.5
