lastlocation:
  world: world
  x: 221.5
  y: 103.0
  z: 314.5
  yaw: 310.63538
  pitch: 9.673294
timestamps:
  login: 1347843747166
  logout: 1347844274312
  lastteleport: 1347746940556
ipAddress: 65.130.155.215
afk: false
money: 1500.0
