timestamps:
  login: 1355690915342
  logout: 1355691458821
  lastteleport: 1355691026786
ipAddress: 98.206.50.33
lastlocation:
  world: world_nether
  x: -67.2936600295237
  y: 60.0
  z: 105.15921519395481
  yaw: 201.92749
  pitch: 56.850006
money: 1500.0
