timestamps:
  login: 1347312824409
  logout: 1347313211736
ipAddress: 74.102.94.174
lastlocation:
  world: world
  x: 515.6728782047462
  y: 73.0
  z: 1290.6559799077027
  yaw: -104.23535
  pitch: -21.944284
money: 1500.0
