timestamps:
  login: 1351085946896
  logout: 1351086120445
  lastteleport: 1345241362406
ipAddress: 83.85.194.73
lastlocation:
  world: Pern
  x: -5298.909894079533
  y: 74.41503934932308
  z: 5146.10615540373
  yaw: -80.224884
  pitch: 70.799995
money: 1500.0
