timestamps:
  login: 1353759227935
  logout: 1353759281828
ipAddress: 58.161.152.139
lastlocation:
  world: world
  x: 255.45994344726194
  y: 138.0
  z: 337.74625395899653
  yaw: 290.5463
  pitch: 42.04561
money: 1500.0
