timestamps:
  login: 1362254773886
  lastteleport: 1362259205240
  logout: 1362259444830
ipAddress: 68.2.183.83
lastlocation:
  world: world_nether
  x: 112.55380363636151
  y: 59.0
  z: 146.13647053005684
  yaw: -263.26202
  pitch: 27.96311
homes:
  home:
    world: skyworld
    x: -219.774615487962
    y: 125.0
    z: -218.68559103451415
    yaw: -152.69464
    pitch: 63.75
logoutlocation:
  world: skyworld
  x: -220.35609658434902
  y: 125.0
  z: -216.22280560736056
  yaw: 17.405731
  pitch: 42.00001
