lastlocation:
  world: arena
  x: 825.8420591289117
  y: 32.0
  z: -1240.097948421677
  yaw: -296.39844
  pitch: 6.749993
timestamps:
  login: 1360097499910
  lastteleport: 1360098471453
  logout: 1360098618321
  mute: 0
ipAddress: 92.14.25.241
afk: false
ban:
  reason: 'Banned: Hacking'
muted: false
money: 12174.028718665213
