timestamps:
  login: 1345913758195
  lastteleport: 1345913790695
  logout: 1345914246565
ipAddress: 176.250.78.39
lastlocation:
  world: world
  x: 251.89502436658154
  y: 102.5
  z: 322.9961841823076
  yaw: -357.00134
  pitch: 10.500006
money: 1500.0
