timestamps:
  login: 1360096068742
  lastteleport: 1360096123715
  logout: 1360103319128
ipAddress: 95.148.178.157
lastlocation:
  world: arena
  x: 799.5624735919754
  y: 33.5
  z: -1221.9402891694065
  yaw: -28.05017
  pitch: -7.050005
