timestamps:
  login: 1363836986962
  lastteleport: 1363838693385
  logout: 1363840218355
  kits:
    dtools: 1342461143739
  mute: 0
ipAddress: 174.21.210.199
money: 228174.49070947
afk: false
homes:
  realm:
    world: realm
    x: 4252.813267074667
    y: 61.0
    z: -552.6587446320638
    yaw: 78.00006
    pitch: 33.899998
  temp:
    world: Ellesmera
    x: -530.1016967235224
    y: 67.0
    z: -595.9412879397418
    yaw: 174.90833
    pitch: 16.650053
  hide:
    world: Ellesmera
    x: -524.2253065568134
    y: 33.0
    z: -737.2002297517502
    yaw: 274.2113
    pitch: 7.500062
  mv:
    world: world_the_end
    x: 50.592803181030476
    y: 64.0
    z: -938.1499095133419
    yaw: 180.75047
    pitch: 14.250027
  mine:
    world: Ellesmera
    x: -296.44280192725034
    y: 44.0
    z: 49.14151157115809
    yaw: -135.29984
    pitch: 7.499998
  house:
    world: arena
    x: -118.65836273931954
    y: 32.0
    z: -303.1205682697477
    yaw: -18.300037
    pitch: 14.700004
socialspy: true
lastlocation:
  world: Ellesmera
  x: -203.4161099974533
  y: 80.0
  z: 195.40300692262744
  yaw: 175.9541
  pitch: 43.04992
godmode: false
muted: false
nickname: ยง2Monkey
ban:
  reason: Temporarily banned from server for 5 seconds
  timeout: 0
logoutlocation:
  world: arena
  x: 11.629263353929673
  y: 60.73935596545436
  z: -304.23604102275243
  yaw: 35.699158
  pitch: 46.949978
