timestamps:
  login: 1347718773538
  lastteleport: 1347722983401
  logout: 1347723320029
ipAddress: 173.85.101.244
lastlocation:
  world: world
  x: 178.48750001192093
  y: 64.0
  z: 471.7484675828914
  yaw: -235.54346
  pitch: 34.79279
ban:
  reason: 'Banned: grief'
money: 1500.0
