timestamps:
  login: 1362713738636
  lastteleport: 1362718850105
  logout: 1362719140084
  kits:
    dtools: 1342461143739
  mute: 0
ipAddress: 64.95.183.1
money: 228174.49070947
afk: false
homes:
  realm:
    world: realm
    x: 4252.813267074667
    y: 61.0
    z: -552.6587446320638
    yaw: 78.00006
    pitch: 33.899998
  temp:
    world: Ellesmera
    x: -530.1016967235224
    y: 67.0
    z: -595.9412879397418
    yaw: 174.90833
    pitch: 16.650053
  hide:
    world: Ellesmera
    x: -524.2253065568134
    y: 33.0
    z: -737.2002297517502
    yaw: 274.2113
    pitch: 7.500062
  mv:
    world: world_the_end
    x: 50.592803181030476
    y: 64.0
    z: -938.1499095133419
    yaw: 180.75047
    pitch: 14.250027
  mine:
    world: Ellesmera
    x: -296.44280192725034
    y: 44.0
    z: 49.14151157115809
    yaw: -135.29984
    pitch: 7.499998
socialspy: true
lastlocation:
  world: arena
  x: 799.2400940850389
  y: 35.0
  z: -1222.6223904293493
  yaw: -270.15012
  pitch: 36.29999
godmode: false
muted: false
nickname: ยง2Monkey
ban:
  reason: Temporarily banned from server for 5 seconds
  timeout: 0
logoutlocation:
  world: arena
  x: -147.79822872597543
  y: 50.52882149778097
  z: -15.086685303214681
  yaw: -177.16125
  pitch: 25.650064
