lastlocation:
  world: SkyBlockMultiplayer
  x: 3.987621023713212
  y: 4.0
  z: 199.41242004863943
  yaw: 97.35008
  pitch: 20.849998
timestamps:
  login: 1349023128213
  logout: 1349023225921
ipAddress: 87.208.225.246
money: 1500.0
