timestamps:
  login: 1343397450733
  logout: 1343398680510
ipAddress: 87.208.3.184
lastlocation:
  world: SkyBlockMultiplayer
  x: 3.4546668750667258
  y: 88.0
  z: 4.300000011920931
  yaw: -194.88898
  pitch: 42.858616
money: 2800.0
