timestamps:
  login: 1345985805498
  logout: 1345986506117
ipAddress: 71.62.65.75
lastlocation:
  world: SkyBlockMultiplayer
  x: 50.14205938298255
  y: 64.0
  z: -99.9595292925369
  yaw: 17.4
  pitch: 29.999998
money: 1500.0
