timestamps:
  login: 1346198632447
  lastteleport: 1346195068905
  logout: 1346198784942
ipAddress: 90.222.46.34
lastlocation:
  world: world
  x: 389.491460817866
  y: 65.0
  z: 1140.2953966397206
  yaw: -80.733025
  pitch: 4.221271
money: 1500.0
