timestamps:
  login: 1363098234688
  logout: 1363098583442
ipAddress: 70.122.121.128
lastlocation:
  world: world
  x: 1301.0
  y: 97.0
  z: 610.0
  yaw: 0.0
  pitch: 0.0
logoutlocation:
  world: arena
  x: 784.394288669854
  y: 32.5
  z: -1227.9955104380547
  yaw: 31.65014
  pitch: 8.549951
