lastlocation:
  world: world
  x: 1285.694086458374
  y: 96.0
  z: 610.6652208896339
  yaw: 157.20018
  pitch: 26.100021
timestamps:
  login: 1346478039791
  logout: 1346478156952
ipAddress: 98.246.133.110
money: 1500.0
