lastlocation:
  world: world
  x: 233.50103812542656
  y: 145.0
  z: 322.41515745493797
  yaw: -288.61505
  pitch: 55.200005
timestamps:
  login: 1353693341702
  logout: 1353693412188
ipAddress: 151.29.158.245
money: 1500.0
