timestamps:
  login: 1340699486115
  lastteleport: 1340700170787
  logout: 1340700427778
ipAddress: 24.56.43.143
lastlocation:
  world: world
  x: -596.4578123124392
  y: 64.0
  z: 326.64509865142156
  yaw: -99.001816
  pitch: 8.250031
money: 1488.0
