lastlocation:
  world: world
  x: 243.80951061397275
  y: 102.5
  z: 334.5250515178697
  yaw: 138.87346
  pitch: 62.550026
timestamps:
  login: 1346659305044
  logout: 1346659598970
  lastteleport: 1346659317929
ipAddress: 108.32.186.231
money: 1500.0
