timestamps:
  login: 1349525412169
  logout: 1349526112947
ipAddress: 80.167.90.23
lastlocation:
  world: world
  x: 64.61741742425671
  y: 61.25507986301366
  z: 679.8031203313451
  yaw: -112.04172
  pitch: -6.319043
money: 1500.0
