timestamps:
  login: 1361719103662
  lastteleport: 1355904284884
  logout: 1361719446290
ipAddress: 79.97.68.122
lastlocation:
  world: Ellesmera
  x: -409.8398338375
  y: 66.0
  z: -663.6125519885591
  yaw: -85.64999
  pitch: 2.6999993
homes:
  home:
    world: world
    x: 251.35946735045832
    y: 63.0
    z: 112.96287822450414
    yaw: -46.02344
    pitch: 46.200024
afk: false
money: 102.0
logoutlocation:
  world: Ellesmera
  x: -440.69999998807907
  y: 64.0
  z: -804.7615005237755
  yaw: -197.25108
  pitch: 54.749996
