timestamps:
  login: 1345257302671
  logout: 1345257417303
  lastteleport: 1345257389564
ipAddress: 67.240.226.205
lastlocation:
  world: world
  x: 234.39945550575578
  y: 102.5
  z: 322.67651750525005
  yaw: 41.26203
  pitch: -4.2016907
afk: false
money: 1500.0
