timestamps:
  login: 1349374150316
  logout: 1349374142089
ipAddress: 68.231.225.236
lastlocation:
  world: Pern
  x: 140.13601332116102
  y: 64.0
  z: 179.28905497766837
  yaw: 193.07935
  pitch: 13.799998
money: 1500.0
