timestamps:
  login: 1359163990182
  logout: 1359164016755
ipAddress: 203.219.235.64
lastlocation:
  world: Ellesmera
  x: -484.52625033278446
  y: 34.0
  z: -628.3919427720142
  yaw: -181.64233
  pitch: 11.849989
