timestamps:
  login: 1350685964229
  lastteleport: 1350686065594
  logout: 1350687138915
ipAddress: 24.243.160.42
lastlocation:
  world: Pern
  x: 215.054046023647
  y: 71.0
  z: 234.94865762835704
  yaw: -180.54077
  pitch: 10.396304
afk: false
money: 1500.0
