lastlocation:
  world: arena
  x: 799.3084841315547
  y: 33.5
  z: -1224.0720377820865
  yaw: -274.19983
  pitch: -20.100275
timestamps:
  login: 1361342178988
  logout: 1361343119890
ipAddress: 24.16.41.37
