lastlocation:
  world: world
  x: 237.3837399059545
  y: 142.4215999984741
  z: 323.5215869182345
  yaw: -192.73633
  pitch: 25.621708
timestamps:
  login: 1354418149798
  logout: 1354418226512
ipAddress: 67.80.253.75
money: 1500.0
