lastlocation:
  world: world
  x: 893.2005494486663
  y: 89.0
  z: 1138.6909592134944
  yaw: 80.22327
  pitch: 21.900013
timestamps:
  login: 1346509030336
  lastteleport: 1346510193495
  logout: 1346510589439
ipAddress: 71.221.105.36
money: 1500.0
