lastlocation:
  world: world
  x: 229.09369765223155
  y: 154.0
  z: 325.441035984084
  yaw: 270.7235
  pitch: -3.4500146
timestamps:
  login: 1353369902062
  lastteleport: 1353371053039
  logout: 1353371077760
ipAddress: 68.36.135.120
money: 1500.0
