timestamps:
  login: 1346268152944
  logout: 1346268135350
ipAddress: 72.192.6.146
lastlocation:
  world: SkyBlockMultiplayer
  x: 52.593171319119755
  y: 56.0
  z: -146.77903430778414
  yaw: 308.25085
  pitch: 74.69997
money: 1500.0
