timestamps:
  login: 1343080433234
  lastteleport: 1343083587349
  logout: 1343083637195
ipAddress: 71.65.78.185
lastlocation:
  world: skylands
  x: -293.5
  y: -269.6975362212869
  z: -1565.5
  yaw: 92.6562
  pitch: 36.83923
money: 1500.0
