timestamps:
  login: 1361490051430
  logout: 1361490166450
  lastteleport: 1361457961745
ipAddress: 2.123.251.92
lastlocation:
  world: world
  x: -286.15584737845023
  y: 89.99882640758025
  z: 65.9380699942999
  yaw: 269.5531
  pitch: 36.29999
afk: false
money: 245370.0
homes:
  home:
    world: world
    x: -281.4580680261408
    y: 89.0
    z: 66.20943785126148
    yaw: -86.54578
    pitch: 20.549992
nickname: §cShad4w
