timestamps:
  login: 1361829618758
  logout: 1361829718784
  lastteleport: 1361633613157
ipAddress: 2.123.251.92
lastlocation:
  world: world
  x: -267.2429139047389
  y: 90.12710493346985
  z: 72.11796608001953
  yaw: -237.14594
  pitch: 22.500025
afk: false
money: 245370.0
homes:
  home:
    world: world
    x: -281.4580680261408
    y: 89.0
    z: 66.20943785126148
    yaw: -86.54578
    pitch: 20.549992
nickname: §cShad4w
logoutlocation:
  world: world
  x: -250.98483687711888
  y: 97.8634105252419
  z: 42.22980055926042
  yaw: 258.45123
  pitch: 52.200047
