timestamps:
  login: 1361540094581
  logout: 1361540349051
  lastteleport: 1361540216306
ipAddress: 2.123.251.92
lastlocation:
  world: world
  x: -250.9453458859598
  y: 81.40433293435278
  z: 85.13286851379053
  yaw: -314.39752
  pitch: 21.900003
afk: false
money: 245370.0
homes:
  home:
    world: world
    x: -281.4580680261408
    y: 89.0
    z: 66.20943785126148
    yaw: -86.54578
    pitch: 20.549992
nickname: §cShad4w
