timestamps:
  login: 1361740845662
  logout: 1361741677785
  lastteleport: 1361633613157
ipAddress: 2.123.251.92
lastlocation:
  world: world
  x: -267.2429139047389
  y: 90.12710493346985
  z: 72.11796608001953
  yaw: -237.14594
  pitch: 22.500025
afk: false
money: 245370.0
homes:
  home:
    world: world
    x: -281.4580680261408
    y: 89.0
    z: 66.20943785126148
    yaw: -86.54578
    pitch: 20.549992
nickname: §cShad4w
logoutlocation:
  world: world
  x: -260.7339246033906
  y: 96.36435764665791
  z: 105.22609311864804
  yaw: 85.35131
  pitch: 55.2
