timestamps:
  login: 1362939062353
  logout: 1362939394350
  lastteleport: 1362777981892
ipAddress: 2.123.251.92
lastlocation:
  world: world
  x: 890.2366642140012
  y: 76.5858657728941
  z: 1341.1416525555303
  yaw: -315.18616
  pitch: 46.821636
afk: false
money: 245370.0
homes:
  home:
    world: world
    x: -281.4580680261408
    y: 89.0
    z: 66.20943785126148
    yaw: -86.54578
    pitch: 20.549992
nickname: §cShad4w
logoutlocation:
  world: world
  x: -284.81982957965664
  y: 89.0
  z: 66.72924940956638
  yaw: -89.39584
  pitch: 14.399968
