lastlocation:
  world: world
  x: 248.70022298805213
  y: 127.0
  z: 327.23378197725947
  yaw: 190.78566
  pitch: 8.850007
timestamps:
  login: 1348179158682
  logout: 1348179312206
ipAddress: 2.124.189.125
money: 1500.0
