lastlocation:
  world: SkyBlockMultiplayer
  x: 106.10355179687825
  y: 64.0
  z: 153.77705275835578
  yaw: 116.55005
  pitch: 26.400011
timestamps:
  login: 1350408891952
  lastteleport: 1350409705690
  logout: 1350409979676
ipAddress: 2.220.120.40
afk: false
money: 1500.0
