timestamps:
  login: 1341934895824
  lastteleport: 1341935066728
  logout: 1341935403004
ipAddress: 201.92.44.147
lastlocation:
  world: world
  x: -891.3459970621707
  y: 65.0
  z: 438.1735176608979
  yaw: 337.64984
  pitch: -2.0999742
money: 1500.0
