timestamps:
  login: 1362013653917
  lastteleport: 1362015535425
  logout: 1362017093557
  mute: 0
ipAddress: 76.219.153.149
lastlocation:
  world: world
  x: 781.0700278463559
  y: 67.75305220708
  z: 1549.8093241271783
  yaw: 255.14958
  pitch: 9.299943
afk: false
money: 16441.096504380286
muted: false
ban:
  reason: Temporarily banned from server for 59 seconds
  timeout: 0
homes:
  npc_village:
    world: world
    x: 592.5
    y: 66.0
    z: -1754.5
    yaw: 256.68256
    pitch: 16.049976
  home:
    world: realm
    x: 1802.5939177502526
    y: 64.0
    z: -3333.151743250564
    yaw: 270.44904
    pitch: 15.899948
logoutlocation:
  world: world
  x: 864.714754022181
  y: 70.63513327352673
  z: 1531.9678186009648
  yaw: -180.90527
  pitch: 48.750053
