timestamps:
  login: 1362618350179
  lastteleport: 1362619040903
  logout: 1362619820875
  mute: 0
ipAddress: 99.130.174.78
lastlocation:
  world: arena
  x: -143.13043260768265
  y: 33.0
  z: 26.70480147892622
  yaw: 56.0
  pitch: -232.0
afk: false
money: 16441.096504380286
muted: false
ban:
  reason: Temporarily banned from server for 59 seconds
  timeout: 0
homes:
  npc_village:
    world: world
    x: 592.5
    y: 66.0
    z: -1754.5
    yaw: 256.68256
    pitch: 16.049976
  home:
    world: realm
    x: 1802.5939177502526
    y: 64.0
    z: -3333.151743250564
    yaw: 270.44904
    pitch: 15.899948
logoutlocation:
  world: arena
  x: -122.09135592148374
  y: 32.0
  z: 42.04916629692761
  yaw: 272.0
  pitch: -246.0
