timestamps:
  login: 1361603149105
  lastteleport: 1361603379082
  logout: 1360888570997
  mute: 0
ipAddress: 99.23.77.12
lastlocation:
  world: skyworld
  x: -111.2898135181694
  y: 125.0
  z: 110.65312224853665
  yaw: 248.10007
  pitch: 32.100002
afk: false
money: 16441.096504380286
muted: false
ban:
  reason: Temporarily banned from server for 59 seconds
  timeout: 0
homes:
  npc_village:
    world: world
    x: 592.5
    y: 66.0
    z: -1754.5
    yaw: 256.68256
    pitch: 16.049976
  home:
    world: realm
    x: 1802.5939177502526
    y: 64.0
    z: -3333.151743250564
    yaw: 270.44904
    pitch: 15.899948
