timestamps:
  login: 1361664844372
  lastteleport: 1361665758400
  logout: 1361666985961
  mute: 0
ipAddress: 108.207.180.83
lastlocation:
  world: arena
  x: 806.249460425761
  y: 58.0
  z: -1253.86958552957
  yaw: 194.50308
  pitch: 47.743847
afk: false
money: 16441.096504380286
muted: false
ban:
  reason: Temporarily banned from server for 59 seconds
  timeout: 0
homes:
  npc_village:
    world: world
    x: 592.5
    y: 66.0
    z: -1754.5
    yaw: 256.68256
    pitch: 16.049976
  home:
    world: realm
    x: 1802.5939177502526
    y: 64.0
    z: -3333.151743250564
    yaw: 270.44904
    pitch: 15.899948
logoutlocation:
  world: realm
  x: 1802.35571070456
  y: 64.0
  z: -3319.7573699489703
  yaw: -113.549835
  pitch: -7.6500154
