timestamps:
  login: 1340050046218
  mute: 0
  lastteleport: 1340050201557
  logout: 1340050402571
ipAddress: 76.205.168.187
muted: false
lastlocation:
  world: world
  x: 1288.8268711220699
  y: 96.0
  z: 614.1587178776857
  yaw: -51.6333
  pitch: 3.701148
money: 1500.0
