timestamps:
  login: 1350007966416
  lastteleport: 1350008497542
  logout: 1350008965776
ipAddress: 99.111.143.62
lastlocation:
  world: world
  x: 718.0033323499927
  y: 64.0
  z: -415.91475470136777
  yaw: -354.56702
  pitch: 24.75
money: 1500.0
