timestamps:
  login: 1349282796630
  logout: 1349282836789
ipAddress: 24.22.136.46
lastlocation:
  world: world
  x: 229.25196124745008
  y: 154.0
  z: 326.7593194196015
  yaw: 263.7973
  pitch: 20.953928
money: 1500.0
