timestamps:
  login: 1342371890226
  lastteleport: 1341760830239
  logout: 1342371951149
ipAddress: 74.66.71.94
lastlocation:
  world: world
  x: 40.974800612363246
  y: 69.0
  z: 567.5376368415705
  yaw: 174.95831
  pitch: 39.59885
money: 1440.0
