timestamps:
  login: 1349717442633
  logout: 1349717943393
  lastteleport: 1349717836542
ipAddress: 95.144.28.254
lastlocation:
  world: SkyBlockMultiplayer
  x: -0.4647226252369223
  y: 81.0
  z: 4.3000000119209325
  yaw: -122.25006
  pitch: 28.649975
afk: false
money: 1500.0
