lastlocation:
  world: world
  x: 234.9474075497502
  y: 102.5
  z: 319.4466848554702
  yaw: 180.57344
  pitch: -2.5499892
timestamps:
  login: 1349620479801
  lastteleport: 1349621508589
  logout: 1349622171083
ipAddress: 70.193.205.45
afk: false
money: 1500.0
