lastlocation:
  world: world
  x: 242.11041076082256
  y: 138.0
  z: 330.96065639330607
  yaw: -233.42493
  pitch: -36.89998
timestamps:
  login: 1355745439890
  logout: 1355745456329
ipAddress: 71.86.180.119
money: 1500.0
