timestamps:
  login: 1346426711029
  logout: 1346427321794
ipAddress: 24.159.250.200
lastlocation:
  world: SkyBlockMultiplayer
  x: -144.91708179003678
  y: 64.0
  z: -98.80828972859562
  yaw: 32.70117
  pitch: 50.399956
money: 1500.0
