timestamps:
  login: 1346027886794
  lastteleport: 1346028109814
  logout: 1346028800620
ipAddress: 184.152.106.59
lastlocation:
  world: void
  x: -3.4131826880772507
  y: 51.0
  z: 10.004212471458379
  yaw: 118.5
  pitch: 5.850038
money: 1500.0
