timestamps:
  login: 1356744053565
  lastteleport: 1344452524018
  logout: 1356744067836
ipAddress: 71.14.176.125
lastlocation:
  world: world
  x: 227.13497312221585
  y: 127.0
  z: 314.4236400265167
  yaw: -124.976
  pitch: -7.350006
money: 1500.0
