lastlocation:
  world: world
  x: 234.78572369620147
  y: 102.5
  z: 329.1615545507777
  yaw: -0.91304433
  pitch: 11.550101
timestamps:
  login: 1347204315769
  logout: 1347204342763
ipAddress: 76.16.250.225
money: 1500.0
