timestamps:
  login: 1347109864454
  logout: 1347109892041
ipAddress: 108.50.179.94
lastlocation:
  world: Notra
  x: 1543.636072807014
  y: 85.0
  z: 583.259089499934
  yaw: 185.26555
  pitch: -1.3500072
money: 1500.0
