timestamps:
  login: 1350831372565
  logout: 1350831463507
ipAddress: 62.238.7.152
lastlocation:
  world: world
  x: 236.34657943509396
  y: 140.0
  z: 341.2807251451731
  yaw: -251.86444
  pitch: 9.749998
money: 1500.0
