timestamps:
  login: 1348851823092
  logout: 1348853520243
  lastteleport: 1348853363496
ipAddress: 82.37.249.188
lastlocation:
  world: world
  x: 413.5
  y: 65.0
  z: 1164.5
  yaw: 117.89997
  pitch: 27.899992
ban:
  reason: 'Banned: Grief'
money: 1500.0
