timestamps:
  login: 1346042016874
  logout: 1346042019004
ipAddress: 108.59.68.112
lastlocation:
  world: world
  x: 232.33971230701044
  y: 140.0
  z: 307.69758084034174
  yaw: -85.31404
  pitch: 2.7958043
money: 1500.0
