lastlocation:
  world: Ellesmera
  x: -483.2732294645585
  y: 34.0
  z: -644.7569794345753
  yaw: -244.49234
  pitch: -17.85002
timestamps:
  login: 1359912852922
  logout: 1359912930257
ipAddress: 66.57.200.154
