lastlocation:
  world: Ellesmera
  x: -532.7037305688718
  y: 67.0
  z: -590.709611507955
  yaw: -180.45018
  pitch: 13.500005
timestamps:
  login: 1357629838930
  logout: 1357630250461
ipAddress: 203.219.235.64
