timestamps:
  login: 1346001956034
  logout: 1346002119900
ipAddress: 99.59.168.144
lastlocation:
  world: world
  x: 323.81932989248287
  y: 71.0
  z: 148.96644361144547
  yaw: -16.646856
  pitch: 13.373307
money: 1500.0
