timestamps:
  login: 1341875359725
  lastteleport: 1341876069234
  mute: 0
  logout: 1341876291527
ipAddress: 72.130.174.205
lastlocation:
  world: world
  x: 796.0003514300013
  y: 64.0
  z: 1563.3018161674615
  yaw: 185.54788
  pitch: 7.350021
muted: false
money: 1500.0
