timestamps:
  login: 1345261743530
  logout: 1345262085008
ipAddress: 67.168.242.155
lastlocation:
  world: world
  x: 244.38267600242557
  y: 102.5
  z: 332.72920807611223
  yaw: -78.16504
  pitch: -13.350021
money: 1500.0
