timestamps:
  login: 1340401710311
  lastteleport: 1340403091398
  logout: 1340407878064
ipAddress: 76.214.61.84
lastlocation:
  world: world
  x: -61.634398269889246
  y: 63.0
  z: 721.4843141609929
  yaw: -179.97824
  pitch: 8.514564
money: 5588.894221997357
