timestamps:
  login: 1348439294134
  lastteleport: 1348439404920
  logout: 1348439530147
ipAddress: 70.181.102.233
lastlocation:
  world: world
  x: 234.44526521967262
  y: 103.0
  z: 323.5412407435563
  yaw: -5.726563
  pitch: 11.250013
ban:
  reason: 'Banned: The Ban Hammer has spoken!'
money: 1500.0
