timestamps:
  login: 1343478422358
  lastteleport: 1343478619913
  logout: 1343478762484
ipAddress: 83.109.250.245
lastlocation:
  world: world
  x: 849.3946974450665
  y: 64.06282366422029
  z: 1429.925000011921
  yaw: -69.84905
  pitch: 9.516009
money: 1500.0
