lastlocation:
  world: world
  x: 313.300000011921
  y: 63.0
  z: 104.69999998807907
  yaw: -319.41895
  pitch: -1.5757585
timestamps:
  login: 1353719688712
  logout: 1353719708543
ipAddress: 173.68.115.53
money: 1500.0
