lastlocation:
  world: realm
  x: 1654.8810774235583
  y: 60.0
  z: 50.89287009602815
  yaw: 347.90573
  pitch: 9.518476
timestamps:
  login: 1355771646126
  lastteleport: 1355772590188
  logout: 1355772998324
ipAddress: 86.41.116.69
money: 1500.0
