timestamps:
  login: 1348251511209
  logout: 1348251653676
ipAddress: 108.70.117.107
lastlocation:
  world: world
  x: 238.86739077205985
  y: 140.0
  z: 341.07858302941156
  yaw: -207.9143
  pitch: -2.249993
money: 1500.0
