timestamps:
  login: 1350684155730
  logout: 1350684662562
ipAddress: 173.174.57.161
lastlocation:
  world: Pern
  x: -5219.27315140961
  y: 59.0
  z: 5190.018676363145
  yaw: -75.03166
  pitch: 8.01804
money: 1500.0
