timestamps:
  login: 1349043176551
  logout: 1349043283827
  lastteleport: 1349043229339
ipAddress: 24.251.75.41
lastlocation:
  world: Pern
  x: 117.99367973532236
  y: 166.33213925393702
  z: 538.5711832717542
  yaw: 211.79846
  pitch: 81.81837
money: 1500.0
