lastlocation:
  world: skyworld
  x: 222.6108573347112
  y: 125.0
  z: 218.98312239178554
  yaw: 53.25953
  pitch: 1.1338427
timestamps:
  login: 1361726304158
  logout: 1361728517690
ipAddress: 107.207.45.60
logoutlocation:
  world: skyworld
  x: 219.32959474542736
  y: 125.0
  z: 219.79717737770872
  yaw: 91.11484
  pitch: 30.739767
