timestamps:
  login: 1346842407646
  lastteleport: 1346842743643
  logout: 1346842878532
ipAddress: 27.0.68.228
lastlocation:
  world: world
  x: 222.23953283005295
  y: 102.5
  z: 334.30387100814994
  yaw: -340.97635
  pitch: 10.800025
money: 1500.0
