timestamps:
  login: 1344844817357
  lastteleport: 1344169690295
  logout: 1344844912081
ipAddress: 83.21.31.213
lastlocation:
  world: world
  x: 1302.3721597151666
  y: 1.0
  z: 610.9678288235766
  yaw: 244.49988
  pitch: 38.99998
money: 1500.0
