lastlocation:
  world: Pern
  x: -602.3945633441951
  y: 54.0
  z: 306.1630206217479
  yaw: -55.691612
  pitch: 26.64711
timestamps:
  login: 1349604280462
  lastteleport: 1349610420289
  logout: 1349610475827
ipAddress: 91.150.230.235
money: 1500.0
