timestamps:
  login: 1356484540814
  logout: 1356484743018
  lastteleport: 1356484567224
ipAddress: 83.100.209.15
lastlocation:
  world: Ellesmera
  x: -599.3017716887712
  y: 67.0
  z: -623.4683821259212
  yaw: 254.61066
  pitch: 7.1328154
money: 1500.0
