lastlocation:
  world: arena
  x: 799.5624735919754
  y: 35.0
  z: -1221.9402891694065
  yaw: -1.1998804
  pitch: -3.1500463
timestamps:
  login: 1362956395564
  lastteleport: 1362946611413
  logout: 1362956447645
ipAddress: 174.59.209.63
logoutlocation:
  world: Ellesmera
  x: -1054.699999988079
  y: 17.0
  z: -1016.6999999880791
  yaw: -0.6022339
  pitch: 1.799949
