lastlocation:
  world: arena
  x: 799.5624735919754
  y: 35.0
  z: -1221.9402891694065
  yaw: -1.1998804
  pitch: -3.1500463
timestamps:
  login: 1363049553620
  lastteleport: 1362946611413
  logout: 1363049600990
ipAddress: 174.59.209.63
logoutlocation:
  world: Ellesmera
  x: -1050.663057285201
  y: 17.0
  z: -1012.4716396962237
  yaw: -1.9524231
  pitch: 12.3
