lastlocation:
  world: world
  x: 226.238791565663
  y: 158.5
  z: 328.3647730440264
  yaw: 154.17981
  pitch: 53.849995
timestamps:
  login: 1350491046695
  logout: 1350491262190
ipAddress: 83.226.126.206
money: 1500.0
