timestamps:
  login: 1350760445751
  logout: 1350760560742
  lastteleport: 1350665405349
ipAddress: 85.137.35.151
lastlocation:
  world: Pern
  x: 138.03441509110695
  y: 68.5
  z: 611.8488953115576
  yaw: -95.502075
  pitch: 19.292997
afk: false
nickname: §aP§ba§cb§dl§eo§1G§2o§3d
money: 22059.21955041024
