timestamps:
  login: 1346317206417
  lastteleport: 1346084183024
  logout: 1346317252647
ipAddress: 78.144.46.55
lastlocation:
  world: world
  x: 232.6064174743452
  y: 102.5
  z: 325.725809392018
  yaw: 11.523468
  pitch: -6.4500074
afk: false
money: 3.0
