timestamps:
  login: 1353087058278
  lastteleport: 1349643257834
  logout: 1353087095595
ipAddress: 85.200.49.8
lastlocation:
  world: SkyBlockMultiplayer
  x: -45.8164406660978
  y: 62.0
  z: 32.058978325701894
  yaw: -184.34998
  pitch: 18.000006
money: 1500.0
