timestamps:
  login: 1346596252504
  logout: 1346596357303
ipAddress: 99.99.154.247
lastlocation:
  world: world
  x: 1309.4540619781305
  y: 96.0
  z: 586.3196925674565
  yaw: 37.29843
  pitch: 8.533304
money: 1500.0
