lastlocation:
  world: Ellesmera
  x: -570.4333983982517
  y: 70.0
  z: -569.6127242721336
  yaw: -269.10004
  pitch: 11.250012
timestamps:
  login: 1359840021133
  lastteleport: 1358561328347
  logout: 1359840523924
  mute: 0
ipAddress: 207.32.1.16
muted: false
money: 1500.0
