timestamps:
  login: 1346283655710
  logout: 1346284144685
ipAddress: 96.247.209.103
lastlocation:
  world: world
  x: 244.61793657884772
  y: 102.5
  z: 333.2389922088645
  yaw: -88.81531
  pitch: 27.300041
money: 1500.0
