timestamps:
  login: 1353700291295
  logout: 1353700409773
  lastteleport: 1349717898513
ipAddress: 78.149.106.155
lastlocation:
  world: world
  x: 265.2756289248355
  y: 68.0
  z: 257.6158934833283
  yaw: 164.05919
  pitch: 24.069607
money: 1500.0
