timestamps:
  login: 1346622148557
  logout: 1346622241194
ipAddress: 96.38.153.30
lastlocation:
  world: SkyBlockMultiplayer
  x: 5.394153764600938
  y: 64.0
  z: -249.28487638315278
  yaw: -213.74992
  pitch: -33.600006
money: 1500.0
