lastlocation:
  world: world
  x: 231.41519085247802
  y: 153.53584062504456
  z: 325.19040123067737
  yaw: 264.12726
  pitch: -0.9120005
timestamps:
  login: 1350640440862
  logout: 1350640482379
ipAddress: 124.180.134.194
money: 1500.0
