timestamps:
  login: 1341663006410
  lastteleport: 1341664420180
  jail: 0
  logout: 1341665969223
ipAddress: 217.42.66.77
lastlocation:
  world: world
  x: 1077.3428596449403
  y: 16.0
  z: 1325.300000011921
  yaw: 2.8415527
  pitch: 18.600004
jailed: false
money: 1500.0
