lastlocation:
  world: realm
  x: 4023.2678293065533
  y: 64.0
  z: -4032.5218808369746
  yaw: -150.66838
  pitch: 1.9500301
timestamps:
  login: 1353858200281
  lastteleport: 1353858353086
  logout: 1353858357032
ipAddress: 86.150.150.15
money: 1500.0
