lastlocation:
  world: realm
  x: 5477.699999988079
  y: 46.0
  z: -3129.964813704421
  yaw: 103.77295
  pitch: 45.763268
timestamps:
  login: 1363291901197
  logout: 1363292791242
  lastteleport: 1363292710544
ipAddress: 92.22.35.143
money: 1500.0
homes:
  home:
    world: realm
    x: 5476.300000011921
    y: 46.0
    z: -3131.7461272909645
    yaw: 108.07379
    pitch: 45.76327
logoutlocation:
  world: realm
  x: 5474.900318575292
  y: 54.0
  z: -3120.0589385724948
  yaw: -218.17252
  pitch: -53.136005
