lastlocation:
  world: world
  x: 232.6976148213216
  y: 140.0
  z: 341.5750092037022
  yaw: -269.86334
  pitch: 10.799978
timestamps:
  login: 1352957791928
  logout: 1352957854887
ipAddress: 59.12.189.4
money: 1500.0
