lastlocation:
  world: SkyBlockMultiplayer
  x: 99.48151747275303
  y: 64.0
  z: -198.28620572171027
  yaw: -65.399925
  pitch: 65.25002
timestamps:
  login: 1347113620686
  logout: 1347114475677
ipAddress: 99.9.232.229
money: 1500.0
