lastlocation:
  world: realm
  x: 4026.5
  y: 64.9375
  z: -4009.10009765625
  yaw: -95.25696
  pitch: 32.093204
timestamps:
  login: 1354656898296
  logout: 1354657476582
  lastteleport: 1354657085550
ipAddress: 71.246.17.149
money: 0.0
