timestamps:
  login: 1353719603526
  logout: 1353719663544
ipAddress: 24.18.201.176
lastlocation:
  world: world
  x: 235.61267614256144
  y: 140.0
  z: 307.93046111062745
  yaw: -141.76448
  pitch: -1.9499753
money: 1500.0
