lastlocation:
  world: world
  x: 258.17525544272684
  y: 71.74918707874468
  z: 326.9577447561322
  yaw: 67.07658
  pitch: -2.0999901
timestamps:
  login: 1346796586200
  lastteleport: 1346796740958
  logout: 1346796767092
ipAddress: 142.196.220.24
money: 1500.0
