timestamps:
  login: 1347232389412
  lastteleport: 1347232944787
  logout: 1347233054949
ipAddress: 66.252.51.217
lastlocation:
  world: SkyBlockMultiplayer
  x: 150.66655030339504
  y: 2.2952036219202387
  z: -146.47097571190102
  yaw: -182.35411
  pitch: 27.122961
afk: false
homes:
  home:
    world: SkyBlockMultiplayer
    x: 150.66655030339504
    y: 64.0
    z: -146.47097571190102
    yaw: -182.35411
    pitch: 27.122961
money: 1500.0
