timestamps:
  login: 1348344815547
  logout: 1348344828933
ipAddress: 77.165.215.128
lastlocation:
  world: world
  x: 225.36068490538298
  y: 140.0
  z: 317.87415410873353
  yaw: -137.71468
  pitch: 20.100025
money: 1500.0
