lastlocation:
  world: world
  x: 228.82749365126566
  y: 154.0
  z: 325.7909827162479
  yaw: 268.6427
  pitch: 13.656717
timestamps:
  login: 1354824906805
  logout: 1354824928028
ipAddress: 71.205.131.48
money: 1500.0
