timestamps:
  login: 1342538803681
  logout: 1342538810725
  lastteleport: 1342447044178
ipAddress: 98.204.135.73
lastlocation:
  world: world
  x: 576.8333364541531
  y: 63.0
  z: 384.4745956695301
  yaw: 344.25256
  pitch: 4.6500187
money: 7865.0
