timestamps:
  login: 1342119963968
  logout: 1342120176683
  lastteleport: 1342099123947
ipAddress: 65.7.224.77
lastlocation:
  world: world
  x: 1279.8922953395797
  y: 96.0
  z: 609.4489401875835
  yaw: 9.450287
  pitch: 7.950008
