timestamps:
  login: 1354352157400
  logout: 1354352307541
ipAddress: 93.95.151.4
lastlocation:
  world: world
  x: 255.75998994102702
  y: 74.0
  z: 497.00433383965895
  yaw: 349.365
  pitch: 19.650015
money: 1500.0
