timestamps:
  login: 1350069967477
  lastteleport: 1350070086143
  logout: 1350070306202
ipAddress: 108.80.145.209
lastlocation:
  world: Notra
  x: 1544.8127409718504
  y: 58.0
  z: 538.1126121566706
  yaw: -86.97366
  pitch: 41.55002
money: 1500.0
