timestamps:
  login: 1346013644165
  logout: 1346013778088
ipAddress: 92.12.193.50
lastlocation:
  world: SkyBlockMultiplayer
  x: 149.99567696126178
  y: 64.0
  z: 0.1273265928030014
  yaw: 18.150002
  pitch: 23.699999
money: 1500.0
