timestamps:
  login: 1342816725736
  logout: 1342816830459
  lastteleport: 1342777731773
ipAddress: 83.168.58.250
lastlocation:
  world: world
  x: 18.33238989014495
  y: 98.0
  z: 684.2428559051991
  yaw: -123.45254
  pitch: 48.150013
money: 1560.0
