timestamps:
  login: 1340138572713
  logout: 1340138643062
ipAddress: 71.184.133.101
lastlocation:
  world: world
  x: 1326.5619085362346
  y: 93.0
  z: 614.7748681374476
  yaw: 1.6977844
  pitch: -7.9031277
money: 1500.0
