lastlocation:
  world: world
  x: 244.4503610355813
  y: 127.0
  z: 314.5306722177635
  yaw: -190.36462
  pitch: -10.349989
timestamps:
  login: 1348371266106
  logout: 1348371439274
ipAddress: 71.130.212.42
money: 1500.0
