timestamps:
  login: 1343710690090
  logout: 1343712710463
ipAddress: 75.64.48.39
lastlocation:
  world: SkyBlockMultiplayer
  x: -2.2346839521174573
  y: 84.0
  z: -2.3000000119209285
  yaw: -355.64987
  pitch: 31.050003
money: 1500.0
