timestamps:
  login: 1344889530375
  lastteleport: 1344889682256
  logout: 1344889726161
ipAddress: 24.9.146.122
lastlocation:
  world: world
  x: -337.8080364098156
  y: 70.0
  z: 626.7448679400094
  yaw: -16.550188
  pitch: -0.60063773
homes:
  home:
    world: world
    x: -313.96440100327624
    y: 64.0
    z: 658.9054155773329
    yaw: -180.70068
    pitch: 34.25403
money: 1500.0
