lastlocation:
  world: world
  x: 241.63376688034572
  y: 138.0
  z: 330.848620369273
  yaw: -344.86407
  pitch: -5.8499317
timestamps:
  login: 1347798529887
  logout: 1347798595240
ipAddress: 83.89.63.71
money: 1500.0
