timestamps:
  login: 1354979415564
  logout: 1354979420300
  lastteleport: 1350736404225
ipAddress: 97.71.115.80
lastlocation:
  world: world
  x: 228.30000001192093
  y: 154.0
  z: 324.6838522841222
  yaw: 290.5235
  pitch: 33.150013
money: 1500.0
