lastlocation:
  world: world
  x: 352.73903088289836
  y: 69.0
  z: -66.78130249707914
  yaw: 160.20532
  pitch: 4.074553
timestamps:
  login: 1360978122406
  logout: 1360978343111
ipAddress: 207.191.210.146
