lastlocation:
  world: Ellesmera
  x: -696.130661700341
  y: 65.0155550727022
  z: -623.5869989966403
  yaw: 106.64989
  pitch: 30.6
timestamps:
  login: 1356219585362
  lastteleport: 1356219593756
  logout: 1356219751250
ipAddress: 50.12.113.79
money: 1500.0
