timestamps:
  login: 1342119190415
  lastteleport: 1342119574597
  logout: 1342119931732
ipAddress: 79.160.97.196
lastlocation:
  world: world
  x: -256.69719817574247
  y: 63.0
  z: 705.3660228870651
  yaw: 234.15472
  pitch: 31.19994
