timestamps:
  login: 1362956668152
  lastteleport: 1362957719341
  logout: 1362957840116
ipAddress: 71.246.17.149
money: 155385.54275487998
lastlocation:
  world: arena
  x: 799.0770509608334
  y: 33.5
  z: -1221.699999988079
  yaw: 188.88953
  pitch: 20.32935
afk: false
homes:
  home:
    world: world
    x: -50.3073091202275
    y: 71.0
    z: 1503.7420205556418
    yaw: -261.7211
    pitch: 4.8154936
logoutlocation:
  world: world
  x: -54.44190126782245
  y: 71.0
  z: 1504.1457534111375
  yaw: -292.79657
  pitch: 18.972183
