timestamps:
  login: 1363132668892
  lastteleport: 1363051906398
  logout: 1363132673771
ipAddress: 71.246.17.149
money: 155385.54275487998
lastlocation:
  world: world
  x: -51.77459822576784
  y: 71.0
  z: 1505.6329425846961
  yaw: -271.65515
  pitch: 9.812116
afk: false
homes:
  home:
    world: world
    x: -51.77459822576784
    y: 71.0
    z: 1505.6329425846961
    yaw: -273.65042
    pitch: 7.2467184
logoutlocation:
  world: world
  x: -58.40410046617804
  y: 72.0
  z: 1529.5593874994524
  yaw: 20.4057
  pitch: 15.033344
