timestamps:
  login: 1348513769445
  lastteleport: 1348514405631
  logout: 1348514915623
ipAddress: 90.205.232.46
lastlocation:
  world: Pern
  x: 133.0716557697426
  y: 71.16610926093821
  z: 651.8902561129428
  yaw: -117.95015
  pitch: -7.05001
money: 1500.0
