lastlocation:
  world: world
  x: -1.762214334457713
  y: 110.0
  z: 33.381246125776414
  yaw: 220.8134
  pitch: 25.800049
timestamps:
  login: 1353746744038
  logout: 1353746913543
ipAddress: 75.159.88.133
ban:
  reason: 'Banned: All your master leet pussy destroyer hax and shitty grief.'
money: 1500.0
