timestamps:
  login: 1348446963508
  logout: 1348447041832
ipAddress: 121.44.230.154
lastlocation:
  world: world
  x: 229.30000001192093
  y: 154.0
  z: 321.4084186499119
  yaw: 307.716
  pitch: 12.771277
money: 1500.0
