timestamps:
  login: 1343800484296
  lastteleport: 1343800968498
  logout: 1343802011870
ipAddress: 74.138.109.42
lastlocation:
  world: world
  x: 1173.619605988521
  y: 11.0
  z: -111.97812794820831
  yaw: -38.634705
  pitch: 44.932835
afk: false
money: 1470.0
