timestamps:
  login: 1362190641645
  logout: 1362190657210
ipAddress: 216.119.186.44
lastlocation:
  world: world
  x: 1301.0
  y: 97.0
  z: 610.0
  yaw: 0.0
  pitch: 0.0
logoutlocation:
  world: arena
  x: 795.1357011931935
  y: 34.0
  z: -1223.2715261225765
  yaw: 248.47844
  pitch: 10.6578
