timestamps:
  login: 1348368272927
  logout: 1348368308853
ipAddress: 68.189.246.252
lastlocation:
  world: world
  x: 172.19886097844756
  y: 71.0
  z: 589.5163834897562
  yaw: -182.51555
  pitch: 27.647713
ban:
  reason: 'Banned: grief'
money: 1500.0
