lastlocation:
  world: world
  x: 234.3240679593152
  y: 103.0
  z: 322.33211122528576
  yaw: -4.8265624
  pitch: 14.250013
timestamps:
  login: 1348367944038
  logout: 1348368484035
ipAddress: 66.189.92.166
ban:
  reason: 'Banned: Griefing + Hacking'
money: 1500.0
