timestamps:
  login: 1342500672154
  logout: 1342500726507
  lastteleport: 1342429165558
ipAddress: 24.58.52.104
lastlocation:
  world: skylands
  x: -544.2454087961238
  y: 45.0
  z: -1304.9101410174148
  yaw: 356.85007
  pitch: -2.100021
money: 1500.0
