timestamps:
  login: 1355966582913
  logout: 1355966588602
  lastteleport: 1353104181525
ipAddress: 71.179.31.135
lastlocation:
  world: world
  x: 225.65096335330878
  y: 140.0
  z: 327.77625793615647
  yaw: -3.7052827
  pitch: 3.5137694
money: 1500.0
