timestamps:
  login: 1340259220181
  lastteleport: 1340258274489
  logout: 1340259223202
ipAddress: 68.11.22.184
lastlocation:
  world: skylands
  x: -897.311267237288
  y: 72.0
  z: -1051.3654816313042
  yaw: -178.05695
  pitch: 15.900016
jailed: true
jail: jail
money: 0.0
