timestamps:
  login: 1350842318978
  logout: 1350842948292
ipAddress: 82.73.180.168
lastlocation:
  world: world
  x: 247.8308293765485
  y: 127.0
  z: 342.9399146097511
  yaw: -126.914154
  pitch: 5.999963
afk: false
money: 1500.0
