lastlocation:
  world: world
  x: 250.11330671198368
  y: 34.5
  z: 116.68616652412805
  yaw: 299.39044
  pitch: 5.849971
timestamps:
  login: 1359149295795
  logout: 1359149558010
ipAddress: 198.228.204.203
