timestamps:
  login: 1362211752896
  logout: 1362211793598
ipAddress: 68.118.209.19
lastlocation:
  world: arena
  x: 677.4368613409916
  y: 30.85489329934836
  z: -1257.878723135103
  yaw: 233.09991
  pitch: 25.20002
logoutlocation:
  world: arena
  x: 677.501134331395
  y: 30.0
  z: -1255.4760065583503
  yaw: 182.69997
  pitch: 0.9000095
