timestamps:
  login: 1345920012344
  logout: 1345920450623
  lastteleport: 1345920085295
ipAddress: 12.70.131.66
lastlocation:
  world: world
  x: 238.17416693621038
  y: 102.5
  z: 335.7090689003012
  yaw: -81.44946
  pitch: 6.4499664
money: 1500.0
