timestamps:
  login: 1339997822911
  lastteleport: 1339998517853
  logout: 1339999644794
ipAddress: 96.52.13.144
lastlocation:
  world: world
  x: 1285.8178322662368
  y: 96.0
  z: 616.227078418147
  yaw: 252.90096
  pitch: 11.100003
money: 0.0
