timestamps:
  login: 1346986235052
  lastteleport: 1346986383183
  logout: 1346986385520
ipAddress: 98.196.31.62
lastlocation:
  world: world
  x: 234.5
  y: 102.53584062504456
  z: 322.5
  yaw: -259.54578
  pitch: -12.440389
money: 1500.0
