timestamps:
  login: 1346212652290
  logout: 1346212795719
ipAddress: 24.9.8.63
lastlocation:
  world: SkyBlockMultiplayer
  x: -99.11728943286866
  y: 53.19347388999099
  z: -94.69999998807907
  yaw: -171.30072
  pitch: 20.550032
money: 1500.0
