timestamps:
  login: 1340050051004
  lastteleport: 1340050323783
  logout: 1340050499144
ipAddress: 166.249.96.175
lastlocation:
  world: world
  x: 1601.703289924519
  y: 44.0
  z: -113.15385321677351
  yaw: 90.90048
  pitch: 6.600051
money: 1500.0
