timestamps:
  login: 1348183834006
  lastteleport: 1348184384731
  logout: 1348184382693
ipAddress: 75.88.177.232
lastlocation:
  world: world_nether
  x: 40.600308704922874
  y: 73.0
  z: -103.62543207958096
  yaw: -297.51575
  pitch: 72.77204
money: 1500.0
