timestamps:
  login: 1345994459969
  lastteleport: 1345994832588
  logout: 1345995195492
ipAddress: 80.42.248.187
lastlocation:
  world: void
  x: -0.44939653927262413
  y: -61.6339136834525
  z: 1.699999988079069
  yaw: 7.950012
  pitch: 83.4
money: 1500.0
