timestamps:
  login: 1343347561049
  lastteleport: 1343347926243
  logout: 1343348032085
ipAddress: 24.210.231.227
lastlocation:
  world: world
  x: 297.46594478960213
  y: 70.0
  z: 119.30677931222581
  yaw: -220.9516
  pitch: 9.449969
money: 1500.0
