lastlocation:
  world: Pern
  x: -5215.0691069460645
  y: 75.31161120717262
  z: 5141.462184646276
  yaw: 78.31677
  pitch: 74.999985
timestamps:
  login: 1347047277684
  logout: 1347047521752
ipAddress: 173.48.237.15
money: 1500.0
