timestamps:
  login: 1350524219530
  logout: 1350524242173
ipAddress: 72.199.146.156
lastlocation:
  world: Pern
  x: -795.1277230967283
  y: 64.0
  z: -1141.5391302157846
  yaw: 32.07843
  pitch: 14.3352375
money: 1500.0
