timestamps:
  login: 1345087444758
  logout: 1345087481155
ipAddress: 76.178.81.206
lastlocation:
  world: world
  x: 229.91961544199432
  y: 140.0
  z: 341.63343557939277
  yaw: -257.41437
  pitch: 19.050013
money: 1500.0
