timestamps:
  login: 1343939507335
  lastteleport: 1343939638037
  logout: 1343939926376
ipAddress: 188.183.148.174
lastlocation:
  world: world
  x: -569.9200174493094
  y: 73.0
  z: 308.89440885849535
  yaw: 357.32678
  pitch: -52.19995
money: 881.9896947500005
