timestamps:
  login: 1361846034475
  lastteleport: 1361840435311
  logout: 1361846204082
ipAddress: 76.97.121.5
lastlocation:
  world: arena
  x: 794.9911999013677
  y: 35.0
  z: -1221.8974588593624
  yaw: -101.9429
  pitch: -13.712471
logoutlocation:
  world: Ellesmera
  x: -837.5494131987942
  y: 12.0
  z: -1514.4615423248424
  yaw: -249.07855
  pitch: 6.562728
