timestamps:
  login: 1362004878426
  lastteleport: 1361928158066
  logout: 1362004950156
ipAddress: 76.97.121.5
lastlocation:
  world: arena
  x: 808.5997792316475
  y: 45.0
  z: -1188.943948995138
  yaw: -31.326965
  pitch: 38.57932
logoutlocation:
  world: world
  x: 938.8718921357994
  y: 64.0
  z: 75.13652685151945
  yaw: 87.869644
  pitch: 19.660448
homes:
  home:
    world: world
    x: 938.2252901068057
    y: 64.0
    z: 106.61022808411802
    yaw: -1.5508728
    pitch: 22.894438
ban:
  reason: '§4Banned:

    §rGrief'
  timeout: 0
