timestamps:
  login: 1345339329638
  logout: 1345339802242
ipAddress: 66.66.99.176
lastlocation:
  world: world
  x: 148.3567416779586
  y: 63.0
  z: 493.10408355747506
  yaw: 143.42667
  pitch: 24.547342
money: 1500.0
