timestamps:
  login: 1361927950401
  lastteleport: 1361928158066
  logout: 1361929164334
ipAddress: 76.97.121.5
lastlocation:
  world: arena
  x: 808.5997792316475
  y: 45.0
  z: -1188.943948995138
  yaw: -31.326965
  pitch: 38.57932
logoutlocation:
  world: world
  x: 952.9524401011727
  y: 64.0
  z: 124.43138339712796
  yaw: -173.92053
  pitch: 21.439178
homes:
  home:
    world: world
    x: 948.7508037270859
    y: 64.0
    z: 125.50967388577462
    yaw: -205.99529
    pitch: 22.73273
