timestamps:
  login: 1361921560872
  lastteleport: 1361916656621
  logout: 1361921762914
ipAddress: 74.188.75.156
lastlocation:
  world: arena
  x: 795.0730912680316
  y: 34.0
  z: -1222.6195621163438
  yaw: 306.51517
  pitch: 24.015594
logoutlocation:
  world: Ellesmera
  x: -716.0611854957095
  y: 72.0
  z: -1451.699999988079
  yaw: -152.14041
  pitch: 58.791836
