lastlocation:
  world: world_nether
  x: 37.238002337231485
  y: 73.0
  z: -0.1484743412378351
  yaw: 14.249872
  pitch: 10.7999935
timestamps:
  login: 1360555839318
  logout: 1360555925775
ipAddress: 70.161.251.193
