timestamps:
  login: 1350229920453
  lastteleport: 1348823387814
  logout: 1350229925570
ipAddress: 141.134.253.20
lastlocation:
  world: world
  x: 63.388166128738455
  y: 68.0
  z: -552.7920164297325
  yaw: 202.76385
  pitch: 5.2193036
money: 1500.0
