timestamps:
  login: 1361588296738
  logout: 1361588873944
  lastteleport: 1361588747740
ipAddress: 75.23.207.173
money: 1500.0
lastlocation:
  world: skyworld
  x: 221.1570863306075
  y: 125.0
  z: 221.30000001192093
  yaw: -129.44995
  pitch: 39.299995
