timestamps:
  login: 1362610062372
  logout: 1362610137019
  lastteleport: 1362262048855
ipAddress: 75.23.207.173
money: 1500.0
lastlocation:
  world: skyworld
  x: 219.32602812025118
  y: 125.0
  z: 223.1151251243019
  yaw: -68.85
  pitch: 44.85
logoutlocation:
  world: skyworld
  x: 218.98700171868379
  y: 125.0
  z: 222.72134848328125
  yaw: 146.24998
  pitch: 28.499996
