timestamps:
  login: 1359409848312
  logout: 1359409894666
  lastteleport: 1359409866797
ipAddress: 75.23.207.173
money: 1500.0
lastlocation:
  world: Ellesmera
  x: -484.5
  y: 34.0
  z: -629.5
  yaw: -2.697701
  pitch: 0.6430704
