lastlocation:
  world: world
  x: 977.7205954002528
  y: 63.0
  z: 1160.7042386932774
  yaw: 2.2365723
  pitch: 9.702191
timestamps:
  login: 1353644234212
  logout: 1353644424353
ipAddress: 72.68.220.92
money: 1500.0
