timestamps:
  login: 1345481072468
  logout: 1345481185709
ipAddress: 74.76.248.102
lastlocation:
  world: world
  x: 252.1030587676811
  y: 146.0
  z: 334.19354563617617
  yaw: 350.68567
  pitch: 35.85
money: 1500.0
