timestamps:
  login: 1343680635314
  logout: 1343680647791
ipAddress: 99.146.28.18
lastlocation:
  world: SkyBlockMultiplayer
  x: 206.76762720812448
  y: -194.07813871739515
  z: 8.935194502751916
  yaw: 150.71301
  pitch: -90.0
money: 1500.0
