timestamps:
  login: 1350254604068
  logout: 1350254625761
ipAddress: 108.92.143.114
lastlocation:
  world: world
  x: 237.42900678171463
  y: 151.03584062504456
  z: 327.333661140564
  yaw: 187.78575
  pitch: 24.45
money: 1500.0
