timestamps:
  login: 1342309668974
  lastteleport: 1342310387250
  logout: 1342310703416
ipAddress: 72.130.164.68
lastlocation:
  world: world
  x: -261.2834351091899
  y: 63.0
  z: 683.8099849030792
  yaw: -207.6028
  pitch: 16.049992
money: 1500.0
