timestamps:
  login: 1345257956874
  logout: 1345258242334
ipAddress: 71.22.33.156
lastlocation:
  world: world
  x: 221.9889068216398
  y: 102.5
  z: 325.17589814445034
  yaw: -285.61377
  pitch: 11.399993
money: 1500.0
