timestamps:
  login: 1349527895425
  lastteleport: 1349528515488
  logout: 1349528527471
ipAddress: 75.111.81.23
lastlocation:
  world: world
  x: 234.3240679593152
  y: 102.5
  z: 322.33211122528576
  yaw: -63.326603
  pitch: 8.849995
money: 1500.0
