lastlocation:
  world: Ellesmera
  x: -494.1379336928717
  y: 34.0
  z: -644.5969696956283
  yaw: -89.69183
  pitch: 31.950052
timestamps:
  login: 1356624533242
  logout: 1356624564725
ipAddress: 2.217.104.71
money: 100.0
