lastlocation:
  world: Ellesmera
  x: -485.21630520461315
  y: 34.0
  z: -644.8916785595136
  yaw: -189.14233
  pitch: -22.800013
timestamps:
  login: 1359563033440
  logout: 1359563049737
ipAddress: 89.9.208.74
