timestamps:
  login: 1343331505212
  logout: 1343331696134
  lastteleport: 1342634995504
ipAddress: 24.139.191.77
lastlocation:
  world: world
  x: 1301.3899089293584
  y: 1.0
  z: 609.3000000119209
  yaw: 257.54825
  pitch: 80.54994
money: 1500.0
