lastlocation:
  world: world
  x: 235.57373412675173
  y: 152.0
  z: 328.06478919606855
  yaw: -93.16671
  pitch: 2.5499961
timestamps:
  login: 1361449495559
  logout: 1361449626762
ipAddress: 47.54.155.97
