timestamps:
  login: 1347062525026
  logout: 1347062543362
ipAddress: 98.208.210.9
lastlocation:
  world: world
  x: 224.69999998807907
  y: 154.0
  z: 325.55195971392095
  yaw: 272.5355
  pitch: 31.050005
money: 1500.0
