lastlocation:
  world: world
  x: 233.08178563323736
  y: 102.5
  z: 335.5740574475616
  yaw: -180.55786
  pitch: 0.02807117
timestamps:
  login: 1348336867032
  lastteleport: 1346622117270
  logout: 1348337416370
ipAddress: 174.20.53.54
nickname: §3Ro§2sy
money: 1500.0
