lastlocation:
  world: world
  x: 232.80512889114237
  y: 102.5
  z: 346.59988794636945
  yaw: 8.807364
  pitch: 11.458909
timestamps:
  login: 1348883606909
  logout: 1348883710827
  lastteleport: 1348882262951
ipAddress: 72.77.96.149
afk: false
money: 1500.0
