lastlocation:
  world: world
  x: 234.1336372059099
  y: 140.0
  z: 340.5172047227714
  yaw: 82.33454
  pitch: 10.95005
timestamps:
  login: 1350247428619
  logout: 1350247612057
ipAddress: 75.139.148.201
money: 1500.0
