timestamps:
  login: 1347309942577
  logout: 1347310637367
ipAddress: 79.210.50.151
lastlocation:
  world: SkyBlockMultiplayer
  x: -99.27051726722473
  y: 64.0
  z: 1.8952926726509458
  yaw: 250.04988
  pitch: 7.1998916
money: 1500.0
