timestamps:
  login: 1360437181391
  logout: 1360440103648
  lastteleport: 1360439419309
  mute: 0
ipAddress: 67.166.179.166
lastlocation:
  world: world
  x: 276.2052149563145
  y: 68.015625
  z: -56.41580760167231
  yaw: -73.208984
  pitch: -90.0
homes:
  home:
    world: world
    x: 150.51684591489868
    y: 68.0
    z: -300.07851624429077
    yaw: -181.79993
    pitch: 18.299997
  '2':
    world: world
    x: -576.4089654994345
    y: 78.0
    z: 318.90355157084906
    yaw: -272.85162
    pitch: 28.650095
  farm:
    world: world
    x: 140.30000001192093
    y: 64.0
    z: -286.84255541675674
    yaw: -283.19995
    pitch: 44.100006
  piston:
    world: world
    x: 155.01055151289478
    y: 64.0
    z: -270.4241554753177
    yaw: 91.10867
    pitch: 45.39145
  die:
    world: skylands
    x: -839.4501627274942
    y: 61.0
    z: -1328.193828473491
    yaw: -34.676273
    pitch: 54.60008
  cave:
    world: Notra
    x: 1514.8978955069088
    y: 47.0
    z: 595.3194235769805
    yaw: -77.76085
    pitch: 55.649944
money: 90909.61475976364
afk: false
muted: false
