lastlocation:
  world: world
  x: 516.7878014775738
  y: 89.0
  z: 422.6525521707514
  yaw: 3.6258988
  pitch: 22.649965
timestamps:
  login: 1354992278093
  lastteleport: 1354992355521
  logout: 1354992516377
ipAddress: 76.120.37.252
money: 1500.0
