timestamps:
  login: 1346637263027
  logout: 1346637351616
ipAddress: 68.83.70.19
lastlocation:
  world: world
  x: 247.94601971772596
  y: 140.0
  z: 327.07452825866875
  yaw: 35.835323
  pitch: 41.84998
money: 1500.0
