timestamps:
  login: 1363823647213
  logout: 1363823729103
  lastteleport: 1347811701896
ipAddress: 207.255.227.206
lastlocation:
  world: Pern
  x: 468.46110656852284
  y: 63.0
  z: 255.72050434549072
  yaw: 243.15007
  pitch: -11.100018
afk: false
money: 1500.0
logoutlocation:
  world: realm
  x: 513.3194010043572
  y: 48.357487991237164
  z: 500.74392618298907
  yaw: 24.16278
  pitch: 0.89998746
