timestamps:
  login: 1350093702177
  logout: 1350093783572
  lastteleport: 1347811701896
ipAddress: 207.255.227.206
lastlocation:
  world: Pern
  x: 468.46110656852284
  y: 63.0
  z: 255.72050434549072
  yaw: 243.15007
  pitch: -11.100018
afk: false
money: 1500.0
