timestamps:
  login: 1346712157801
  lastteleport: 1346713570626
  mute: 0
  logout: 1346713924445
ipAddress: 24.31.137.253
lastlocation:
  world: Pern
  x: 198.6918206265696
  y: 65.0
  z: 429.02961016388497
  yaw: 283.28473
  pitch: 54.594547
muted: false
nickname: §4Sa§fb§1re
homes:
  home:
    world: Pern
    x: 200.23184904745608
    y: 65.0
    z: 429.98568578209614
    yaw: 31.092
    pitch: 29.488829
money: 1928.2194999999986
