timestamps:
  login: 1347149003960
  logout: 1347149444705
  lastteleport: 1347149281974
ipAddress: 99.103.193.157
lastlocation:
  world: world
  x: 237.63009058600863
  y: 151.0
  z: 327.53468355338777
  yaw: 39.273926
  pitch: 7.2000184
money: 1500.0
