timestamps:
  login: 1346444839465
  lastteleport: 1346443656759
  logout: 1346444915433
ipAddress: 71.194.125.200
lastlocation:
  world: SkyBlockMultiplayer
  x: 3.6721067444280977
  y: -171.2249225917268
  z: 201.30000001192093
  yaw: -86.24947
  pitch: 43.200012
afk: false
money: 1500.0
