lastlocation:
  world: world
  x: 227.93470492496354
  y: 155.0
  z: 322.7202395109137
  yaw: 4.7739563
  pitch: 32.55004
timestamps:
  login: 1353049929271
  lastteleport: 1353049992081
  logout: 1353050014520
ipAddress: 80.60.52.207
money: 1500.0
