timestamps:
  login: 1347540622841
  logout: 1347540728491
  lastteleport: 1347540672877
ipAddress: 81.234.209.220
lastlocation:
  world: world
  x: 235.3886595237335
  y: 102.5
  z: 313.83827075141227
  yaw: 275.22372
  pitch: -3.1499734
money: 1500.0
