lastlocation:
  world: Ellesmera
  x: -482.44127487560223
  y: 34.0
  z: -648.4459547699311
  yaw: -197.24237
  pitch: 4.7999926
timestamps:
  login: 1360379341903
  logout: 1360379410462
ipAddress: 69.166.171.116
