timestamps:
  login: 1346017462082
  logout: 1346017523386
ipAddress: 201.245.235.177
lastlocation:
  world: world
  x: 222.549149561893
  y: 154.0
  z: 325.50279012555256
  yaw: -64.36447
  pitch: 27.900003
money: 1500.0
