lastlocation:
  world: Ellesmera
  x: -492.99318653712464
  y: 34.0
  z: -643.9850600560037
  yaw: -238.49194
  pitch: 49.04998
timestamps:
  login: 1360886136230
  logout: 1360886441227
ipAddress: 69.234.108.97
