timestamps:
  login: 1356909595484
  logout: 1356909660002
ipAddress: 174.66.18.21
lastlocation:
  world: world
  x: 194.20784621558275
  y: 74.0
  z: 644.3688541807969
  yaw: 73.9624
  pitch: 3.2997947
money: 1500.0
