lastlocation:
  world: Notra
  x: 1525.5
  y: 84.0
  z: 643.5
  yaw: -24.835632
  pitch: 12.153953
timestamps:
  login: 1347787657565
  lastteleport: 1347788058580
  logout: 1347788122180
ipAddress: 203.31.11.180
money: 1500.0
