timestamps:
  login: 1342017683623
  lastteleport: 1342016911957
  logout: 1342017728204
ipAddress: 208.89.76.194
lastlocation:
  world: world
  x: 130.76451606213243
  y: 64.0
  z: 529.5865725010722
  yaw: 198.30283
  pitch: 35.40004
money: 2198371.4859625567
afk: false
