timestamps:
  login: 1345229944701
  logout: 1345230341396
ipAddress: 94.9.84.144
lastlocation:
  world: world
  x: 213.83303945708445
  y: 103.0
  z: 323.95992097647377
  yaw: -75.014885
  pitch: 6.1499953
money: 1500.0
