timestamps:
  login: 1341985712701
  logout: 1341985756490
ipAddress: 75.45.1.47
lastlocation:
  world: world
  x: 764.5943931702529
  y: 13.0
  z: -282.42536160719214
  yaw: 101.1651
  pitch: 13.199989
afk: false
money: 2304.091673437498
