timestamps:
  login: 1346691622519
  logout: 1346691693185
ipAddress: 178.119.137.66
lastlocation:
  world: SkyBlockMultiplayer
  x: 154.69999998807907
  y: 64.0
  z: 51.26770348736971
  yaw: 81.854324
  pitch: 25.83803
money: 1500.0
