lastlocation:
  world: Ellesmera
  x: -642.1132929149842
  y: 64.0
  z: -762.2037792986523
  yaw: -203.85004
  pitch: 5.250017
timestamps:
  login: 1357152521257
  logout: 1357152629914
ipAddress: 108.23.167.42
money: 100.0
