lastlocation:
  world: world
  x: 222.5
  y: 154.0
  z: 325.5
  yaw: 270.88553
  pitch: 27.300005
timestamps:
  login: 1347054296010
  logout: 1346885387175
ipAddress: 69.125.246.217
money: 1500.0
