lastlocation:
  world: Pern
  x: 236.3278037595265
  y: 65.0
  z: 204.83181922055724
  yaw: 194.68732
  pitch: 25.453354
timestamps:
  login: 1349494103286
  lastteleport: 1349493804312
  logout: 1349494317338
ipAddress: 24.253.14.195
money: 1500.0
