timestamps:
  login: 1350044397937
  lastteleport: 1350045225780
  logout: 1350045752572
ipAddress: 213.114.24.174
lastlocation:
  world: world
  x: 413.5
  y: 65.0
  z: 1164.5
  yaw: -156.58221
  pitch: 23.776043
money: 1500.0
