timestamps:
  login: 1356870634686
  logout: 1356870658083
  lastteleport: 1355700153899
lastlocation:
  world: realm
  x: 1873.3667384217924
  y: 49.0
  z: -3158.873538911309
  yaw: -177.30005
  pitch: -33.900047
ipAddress: 190.98.127.2
money: 1500.0
