timestamps:
  login: 1346145868352
ipAddress: 101.160.144.123
lastlocation:
  world: world
  x: 222.5
  y: 154.0
  z: 325.5
  yaw: 267.25723
  pitch: 23.066992
money: 1500.0
