timestamps:
  login: 1346073372634
  logout: 1346073751051
ipAddress: 87.54.18.51
lastlocation:
  world: world
  x: -637.3000000119209
  y: 64.0
  z: 325.30000001192093
  yaw: 185.88243
  pitch: 65.374725
money: 130.0
