timestamps:
  login: 1343009014970
  lastteleport: 1343009069969
  logout: 1343009248819
ipAddress: 24.49.15.172
lastlocation:
  world: world
  x: 1271.2609813386996
  y: 96.0
  z: 615.9213269558805
  yaw: 301.50308
  pitch: 8.099989
money: 1500.0
