timestamps:
  login: 1348331983202
  logout: 1348332015568
ipAddress: 67.249.13.20
lastlocation:
  world: world
  x: 231.53922367230538
  y: 138.0
  z: 332.4136298686214
  yaw: 253.18542
  pitch: -8.849983
money: 1500.0
