timestamps:
  login: 1350150636914
  logout: 1350150814534
ipAddress: 208.66.214.145
lastlocation:
  world: world_nether
  x: 181.12793490290642
  y: 44.95744062351868
  z: -2.427580477669835
  yaw: -15.7502165
  pitch: 57.600006
money: 1500.0
