timestamps:
  login: 1341002098755
  lastteleport: 1340821754653
  logout: 1341002191293
ipAddress: 86.151.80.138
lastlocation:
  world: skylands
  x: -1072.0850863931407
  y: 57.0
  z: -1427.8939666432077
  yaw: -129.2973
  pitch: 8.6999855
money: 1500.0
