lastlocation:
  world: world
  x: 228.71510532369456
  y: 154.0
  z: 323.64731713225626
  yaw: 266.97388
  pitch: 18.90002
timestamps:
  login: 1353246530393
  lastteleport: 1353246555163
  logout: 1353246609980
ipAddress: 75.89.159.223
money: 1500.0
