lastlocation:
  world: Pern
  x: -5447.574999988079
  y: 71.17520006179826
  z: 5141.737423259758
  yaw: 1.4987476
  pitch: 0.899849
timestamps:
  login: 1348173681001
  logout: 1348175040087
ipAddress: 184.96.6.65
money: 1500.0
