lastlocation:
  world: Ellesmera
  x: -591.6999999880791
  y: 9.0
  z: -574.6999999880791
  yaw: -207.14847
  pitch: -5.5500007
timestamps:
  login: 1362178434838
  lastteleport: 1362177219487
  logout: 1362179035956
ipAddress: 50.150.21.224
money: 11792.332093023942
homes:
  mining:
    world: world
    x: 972.329621725664
    y: 60.0
    z: 61.67021204930742
    yaw: -330.90137
    pitch: 28.650005
  fort:
    world: world_nether
    x: 875.4703309236793
    y: 74.0
    z: -101.53487828741609
    yaw: 293.71616
    pitch: 25.685982
  shop:
    world: world
    x: 929.3000000119209
    y: 64.0
    z: 74.23750001192089
    yaw: -74.852104
    pitch: 36.750015
logoutlocation:
  world: world
  x: 618.2443691954209
  y: 64.0
  z: 262.4791695295262
  yaw: 81.45096
  pitch: -2.0999973
