lastlocation:
  world: arena
  x: 93.40068875850996
  y: 33.0
  z: -14.0
  yaw: 31.71001
  pitch: 12.75
timestamps:
  login: 1361757064210
  lastteleport: 1361737465729
  logout: 1361757127639
ipAddress: 50.150.21.224
money: 11792.332093023942
homes:
  mining:
    world: world
    x: 972.329621725664
    y: 60.0
    z: 61.67021204930742
    yaw: -330.90137
    pitch: 28.650005
  fort:
    world: world_nether
    x: 875.4703309236793
    y: 74.0
    z: -101.53487828741609
    yaw: 293.71616
    pitch: 25.685982
  shop:
    world: world
    x: 929.3000000119209
    y: 64.0
    z: 74.23750001192089
    yaw: -74.852104
    pitch: 36.750015
logoutlocation:
  world: world
  x: 969.924983179435
  y: 61.0
  z: 103.44690474538945
  yaw: -109.04924
  pitch: -1.8000163
