lastlocation:
  world: world_nether
  x: -41.69999998807907
  y: 43.0
  z: -395.09006446155365
  yaw: 79.49741
  pitch: 6.149961
timestamps:
  login: 1361567713689
  lastteleport: 1361568293381
  logout: 1361568579740
ipAddress: 50.150.21.224
money: 11792.332093023942
homes:
  mining:
    world: world
    x: 972.329621725664
    y: 60.0
    z: 61.67021204930742
    yaw: -330.90137
    pitch: 28.650005
  fort:
    world: world_nether
    x: 875.4703309236793
    y: 74.0
    z: -101.53487828741609
    yaw: 293.71616
    pitch: 25.685982
