lastlocation:
  world: world
  x: 928.0
  y: 68.0
  z: 52.0
  yaw: -44.550003
  pitch: 23.25
timestamps:
  login: 1362092649352
  lastteleport: 1362093908511
  logout: 1362094247394
ipAddress: 50.150.21.224
money: 11792.332093023942
homes:
  mining:
    world: world
    x: 972.329621725664
    y: 60.0
    z: 61.67021204930742
    yaw: -330.90137
    pitch: 28.650005
  fort:
    world: world_nether
    x: 875.4703309236793
    y: 74.0
    z: -101.53487828741609
    yaw: 293.71616
    pitch: 25.685982
  shop:
    world: world
    x: 929.3000000119209
    y: 64.0
    z: 74.23750001192089
    yaw: -74.852104
    pitch: 36.750015
logoutlocation:
  world: Ellesmera
  x: -590.3067987360992
  y: 9.0
  z: -574.5410351484626
  yaw: -2.6984863
  pitch: -13.649973
