lastlocation:
  world: Ellesmera
  x: -758.5
  y: 12.0
  z: -1435.5
  yaw: -115.0421
  pitch: 33.35091
timestamps:
  login: 1361836851529
  lastteleport: 1361841578418
  logout: 1361843621422
ipAddress: 50.150.21.224
money: 11792.332093023942
homes:
  mining:
    world: world
    x: 972.329621725664
    y: 60.0
    z: 61.67021204930742
    yaw: -330.90137
    pitch: 28.650005
  fort:
    world: world_nether
    x: 875.4703309236793
    y: 74.0
    z: -101.53487828741609
    yaw: 293.71616
    pitch: 25.685982
  shop:
    world: world
    x: 929.3000000119209
    y: 64.0
    z: 74.23750001192089
    yaw: -74.852104
    pitch: 36.750015
logoutlocation:
  world: Ellesmera
  x: -668.6999999880791
  y: 6.0
  z: -1479.5392780051554
  yaw: 199.77957
  pitch: -1.3958265
