lastlocation:
  world: arena
  x: 96.3120100944813
  y: 49.0
  z: -30.772908040109613
  yaw: -89.24913
  pitch: 22.349941
timestamps:
  login: 1361924859085
  lastteleport: 1361924879544
  logout: 1361925325531
ipAddress: 50.150.21.224
money: 11792.332093023942
homes:
  mining:
    world: world
    x: 972.329621725664
    y: 60.0
    z: 61.67021204930742
    yaw: -330.90137
    pitch: 28.650005
  fort:
    world: world_nether
    x: 875.4703309236793
    y: 74.0
    z: -101.53487828741609
    yaw: 293.71616
    pitch: 25.685982
  shop:
    world: world
    x: 929.3000000119209
    y: 64.0
    z: 74.23750001192089
    yaw: -74.852104
    pitch: 36.750015
logoutlocation:
  world: Ellesmera
  x: -823.1677265932245
  y: 59.0
  z: -1445.5992103959422
  yaw: -0.32911396
  pitch: 36.44999
