lastlocation:
  world: world
  x: 960.8768587768282
  y: 11.0
  z: 38.654519665695275
  yaw: -3.5996094
  pitch: -13.64996
timestamps:
  login: 1361542371800
  lastteleport: 1361544307948
  logout: 1361544546790
ipAddress: 50.150.21.224
money: 11792.332093023942
homes:
  mining:
    world: world
    x: 972.329621725664
    y: 60.0
    z: 61.67021204930742
    yaw: -330.90137
    pitch: 28.650005
  fort:
    world: world_nether
    x: 875.4703309236793
    y: 74.0
    z: -101.53487828741609
    yaw: 293.71616
    pitch: 25.685982
