lastlocation:
  world: world_nether
  x: 874.6938965122389
  y: 74.0
  z: -100.27364511465045
  yaw: 35.716164
  pitch: 18.45
timestamps:
  login: 1361921861633
  lastteleport: 1361917128554
  logout: 1361921895211
ipAddress: 50.150.21.224
money: 11792.332093023942
homes:
  mining:
    world: world
    x: 972.329621725664
    y: 60.0
    z: 61.67021204930742
    yaw: -330.90137
    pitch: 28.650005
  fort:
    world: world_nether
    x: 875.4703309236793
    y: 74.0
    z: -101.53487828741609
    yaw: 293.71616
    pitch: 25.685982
  shop:
    world: world
    x: 929.3000000119209
    y: 64.0
    z: 74.23750001192089
    yaw: -74.852104
    pitch: 36.750015
logoutlocation:
  world: world
  x: 924.3000000119209
  y: 62.0
  z: 124.36203430958817
  yaw: -190.65154
  pitch: -1.2000008
