lastlocation:
  world: skyworld
  x: 331.0
  y: 128.0
  z: 221.0
  yaw: -2.85
  pitch: 8.999999
timestamps:
  login: 1362860605585
  lastteleport: 1362833447817
  logout: 1362861679081
ipAddress: 81.31.83.152
logoutlocation:
  world: skyworld
  x: 334.40787944846767
  y: 131.0
  z: 225.741371532376
  yaw: -273.58862
  pitch: 25.500069
