lastlocation:
  world: skyworld
  x: 331.0
  y: 128.0
  z: 221.0
  yaw: -2.85
  pitch: 8.999999
timestamps:
  login: 1363104501190
  lastteleport: 1362833447817
  logout: 1363104553426
ipAddress: 81.31.83.152
logoutlocation:
  world: skyworld
  x: 328.0733856265623
  y: 128.0
  z: 219.9978919683429
  yaw: 100.362305
  pitch: 26.54996
ban:
  reason: '§4Banned:

    §rgrief'
  timeout: 0
