timestamps:
  login: 1347123616700
  logout: 1347123736386
ipAddress: 50.136.60.175
lastlocation:
  world: world
  x: 244.43414783044898
  y: 140.0
  z: 309.18309193648946
  yaw: -87.28232
  pitch: 13.892552
money: 1500.0
