timestamps:
  login: 1349762785363
  logout: 1349765624156
  lastteleport: 1349763400812
ipAddress: 68.126.7.77
lastlocation:
  world: SkyBlockMultiplayer
  x: -202.14075850690674
  y: 37.97401873389603
  z: -99.35606448171994
  yaw: -353.54968
  pitch: 21.59988
money: 1500.0
