timestamps:
  login: 1350868770604
  logout: 1350869370141
ipAddress: 67.183.24.108
lastlocation:
  world: Notra
  x: 1530.8160266020693
  y: 40.0
  z: 423.7387381009699
  yaw: 1.9625976
  pitch: 15.600013
money: 1500.0
