timestamps:
  login: 1355428442186
  logout: 1355428723211
ipAddress: 213.93.66.11
lastlocation:
  world: world
  x: 251.82632758822024
  y: 65.0
  z: 230.31155670611122
  yaw: 160.21889
  pitch: 12.299999
money: 1500.0
