timestamps:
  login: 1343497409548
  logout: 1343497447807
ipAddress: 64.253.12.96
lastlocation:
  world: SkyBlockMultiplayer
  x: 1.2523315072887717
  y: 89.0
  z: 0.49656983334575133
  yaw: -1.6892319
  pitch: 38.271076
money: 1500.0
