timestamps:
  login: 1350088042011
  logout: 1350088115269
ipAddress: 69.205.18.185
lastlocation:
  world: world
  x: 234.30000001192093
  y: 145.5
  z: 320.92500001192093
  yaw: 95.98517
  pitch: 18.750008
money: 1500.0
