timestamps:
  login: 1343562332619
  logout: 1343565015500
  lastteleport: 1343564978557
ipAddress: 75.81.20.134
lastlocation:
  world: world
  x: 234.5
  y: 102.5
  z: 322.5
  yaw: -2.7265625
  pitch: 12.750012
afk: false
money: 1400.0
