lastlocation:
  world: world
  x: 27.30000001192093
  y: 64.0
  z: 470.65113899959874
  yaw: -50.09159
  pitch: -3.6377642
timestamps:
  login: 1347305307966
  logout: 1347305310572
ipAddress: 204.213.225.49
ban:
  reason: 'Banned: The Ban Hammer has spoken!'
money: 1500.0
