timestamps:
  login: 1351971125756
  logout: 1351971230277
ipAddress: 75.87.210.206
lastlocation:
  world: world
  x: 1302.5
  y: 148.62000000476837
  z: 609.5
  yaw: 270.88553
  pitch: 27.300005
money: 1500.0
