timestamps:
  login: 1343635652372
  lastteleport: 1343635686171
  logout: 1343636094746
ipAddress: 71.91.181.115
lastlocation:
  world: world
  x: 222.5
  y: 154.0
  z: 325.5
  yaw: 270.88553
  pitch: 27.300005
money: 1500.0
