lastlocation:
  world: world
  x: 1301.0
  y: 97.0
  z: 610.0
  yaw: 0.0
  pitch: 0.0
timestamps:
  login: 1363547894265
  logout: 1363547908734
ipAddress: 92.2.223.225
logoutlocation:
  world: arena
  x: 800.385853894623
  y: 33.5
  z: -1221.0038387164266
  yaw: 257.99994
  pitch: 32.699944
