timestamps:
  login: 1349528571536
  logout: 1349530619684
ipAddress: 88.90.254.143
lastlocation:
  world: Pern
  x: 239.19746354219146
  y: 64.0
  z: 229.15152638541778
  yaw: 184.67511
  pitch: -0.45000216
money: 1500.0
