lastlocation:
  world: world
  x: 230.5312724771628
  y: 102.5
  z: 324.28254224608867
  yaw: 153.41847
  pitch: 3.4500308
timestamps:
  login: 1353998021138
  lastteleport: 1353145151985
  logout: 1353998024423
ipAddress: 80.203.29.113
money: 1500.0
