timestamps:
  login: 1346443485583
  logout: 1346443500561
  lastteleport: 1346028974016
ipAddress: 64.25.183.105
lastlocation:
  world: world
  x: 1077.300000011921
  y: 16.0
  z: 1325.3871311305504
  yaw: -17.557997
  pitch: 10.199975
jailed: true
jail: lava
money: 1530.0
