timestamps:
  login: 1342960221159
  lastteleport: 1342959794903
  logout: 1342960229348
ipAddress: 67.193.32.35
lastlocation:
  world: world
  x: 1300.3492717298427
  y: 97.0
  z: 609.3000000119209
  yaw: 113.39733
  pitch: 87.29999
money: 1500.0
