timestamps:
  login: 1360370732311
  lastteleport: 1360370905757
  logout: 1360371138632
ipAddress: 71.80.219.81
lastlocation:
  world: world
  x: 988.077421990416
  y: 63.0
  z: 1269.3546619189206
  yaw: -49.049408
  pitch: 72.01382
money: 1451.0
