timestamps:
  login: 1346690760807
  logout: 1346691443094
ipAddress: 174.20.76.216
lastlocation:
  world: SkyBlockMultiplayer
  x: -145.44509159430802
  y: 64.0
  z: 101.037941646324
  yaw: -53.251526
  pitch: 40.050045
money: 1500.0
