timestamps:
  login: 1350212222858
  lastteleport: 1350149148777
  logout: 1350212270411
ipAddress: 95.148.178.141
lastlocation:
  world: SkyBlockMultiplayer
  x: 0.6585679447984905
  y: 89.0
  z: 0.26123019160534006
  yaw: 3.8999982
  pitch: 18.899992
money: 1500.0
