timestamps:
  login: 1350316501698
  logout: 1350317538674
ipAddress: 77.250.94.30
lastlocation:
  world: Pern
  x: -5301.579486342571
  y: 74.0
  z: 5160.300000011921
  yaw: 94.37665
  pitch: 7.50003
money: 1500.0
