timestamps:
  login: 1345963289546
  logout: 1345963477226
ipAddress: 108.78.144.189
lastlocation:
  world: world
  x: 228.22833875348593
  y: 138.0
  z: 329.78077385672583
  yaw: -192.42172
  pitch: -19.758099
money: 1500.0
