timestamps:
  login: 1341858376616
  lastteleport: 1341858473844
  logout: 1341858491804
ipAddress: 99.242.31.104
lastlocation:
  world: world
  x: 1280.924041672119
  y: 96.0
  z: 604.4286358520851
  yaw: 159.1496
  pitch: 1.6499914
ban:
  reason: Hacking
  timeout: 1341859094982
money: 1500.0
