timestamps:
  login: 1350744765039
  logout: 1350744861898
ipAddress: 69.176.21.189
lastlocation:
  world: world
  x: 246.4316043476916
  y: 140.0
  z: 328.07499998807907
  yaw: -309.23474
  pitch: 16.11313
money: 1500.0
