timestamps:
  login: 1361837327793
  logout: 1361837788731
ipAddress: 72.83.57.162
lastlocation:
  world: world
  x: 1301.0
  y: 97.0
  z: 610.0
  yaw: 0.0
  pitch: 0.0
logoutlocation:
  world: world
  x: 286.37623519084815
  y: 68.0
  z: -66.90156823852844
  yaw: 349.19922
  pitch: 42.60005
