timestamps:
  login: 1342642674127
  logout: 1342642842701
  lastteleport: 1342632963425
ipAddress: 174.25.92.147
lastlocation:
  world: world
  x: 1110.1230310529024
  y: 65.0
  z: 160.48978080543597
  yaw: 166.05902
  pitch: 44.399982
money: 1915.538125
