timestamps:
  login: 1347576596425
  lastteleport: 1347577189514
  logout: 1347577211250
ipAddress: 216.177.180.131
lastlocation:
  world: world
  x: 233.78174139598366
  y: 102.5
  z: 325.17370455560047
  yaw: -15.17656
  pitch: -31.649986
money: 1500.0
