timestamps:
  login: 1350600090073
  logout: 1350600176215
ipAddress: 66.69.216.84
afk: false
lastlocation:
  world: world
  x: 231.18086344682348
  y: 102.5
  z: 325.9270744137851
  yaw: 215.82343
  pitch: 4.9500065
money: 1500.0
