lastlocation:
  world: arena
  x: 800.665152166162
  y: 32.0
  z: -1251.3410627003198
  yaw: 180.90057
  pitch: 13.950017
timestamps:
  login: 1360466306843
  logout: 1360466350142
ipAddress: 99.115.14.90
