timestamps:
  login: 1346028262308
  logout: 1346028388065
ipAddress: 75.161.171.34
lastlocation:
  world: SkyBlockMultiplayer
  x: 52.310361753681335
  y: 64.0
  z: 101.1575957985946
  yaw: 37.962162
  pitch: 18.531536
money: 1500.0
