timestamps:
  login: 1363306541190
  lastteleport: 1362281747106
  logout: 1363306647577
ipAddress: 24.177.57.179
lastlocation:
  world: realm
  x: 226.95889411843277
  y: 60.0
  z: -82.94181143727984
  yaw: -195.93951
  pitch: 21.67721
money: 2831.0
afk: false
logoutlocation:
  world: arena
  x: 677.0869575985406
  y: 32.0
  z: -1253.116505393626
  yaw: -92.55019
  pitch: -29.85004
