timestamps:
  login: 1354842739286
  lastteleport: 1340499920530
  logout: 1351092505444
ipAddress: 24.177.57.179
lastlocation:
  world: Pern
  x: -988.5489127121754
  y: 63.0
  z: 1304.5534498361303
  yaw: -100.623375
  pitch: -0.5999938
money: 2831.0
afk: false
