timestamps:
  login: 1363483740422
  lastteleport: 1362281747106
  logout: 1363483946189
ipAddress: 24.177.57.179
lastlocation:
  world: arena
  x: 110.5898219004736
  y: 62.0
  z: -33.20810650338839
  yaw: 270.75092
  pitch: -11.700049
money: 2831.0
afk: false
logoutlocation:
  world: arena
  x: 661.4999396825772
  y: 32.0
  z: -1257.5956697431761
  yaw: -183.60036
  pitch: -1.5000527
