timestamps:
  login: 1362281623986
  lastteleport: 1362281747106
  logout: 1362282117937
ipAddress: 71.184.133.101
lastlocation:
  world: realm
  x: 226.95889411843277
  y: 60.0
  z: -82.94181143727984
  yaw: -195.93951
  pitch: 21.67721
money: 2831.0
afk: false
logoutlocation:
  world: world_nether
  x: 39.119748570342026
  y: 74.0
  z: -25.498472061118033
  yaw: -333.66937
  pitch: 24.023994
