timestamps:
  login: 1362263606464
  lastteleport: 1362264213485
  logout: 1362264297552
ipAddress: 72.70.133.63
lastlocation:
  world: realm
  x: 4174.0
  y: 61.0
  z: -4385.0
  yaw: 0.0
  pitch: 0.0
homes:
  home:
    world: world
    x: -998.5714236840115
    y: 65.0
    z: 489.401446584957
    yaw: -93.8734
    pitch: 32.100014
  '2':
    world: world
    x: -571.8586609051166
    y: 73.0
    z: 319.26023695021627
    yaw: -125.42758
    pitch: 47.99998
  '1':
    world: realm
    x: 4184.040462041883
    y: 60.0
    z: -4385.411698303525
    yaw: -325.87402
    pitch: 16.349997
afk: false
nickname: Stevic
money: 24218.1671954633
logoutlocation:
  world: realm
  x: 4187.06726767309
  y: 60.0
  z: -4385.051092047552
  yaw: 184.16425
  pitch: 19.649988
