timestamps:
  login: 1358543071267
  logout: 1358543320445
ipAddress: 50.90.57.107
lastlocation:
  world: Ellesmera
  x: -489.61082359899933
  y: 34.0
  z: -629.4901028087974
  yaw: 326.7002
  pitch: 47.39997
