timestamps:
  login: 1343949804985
  lastteleport: 1343937924028
  logout: 1343945091527
ipAddress: 71.32.8.224
lastlocation:
  world: world
  x: -221.69999998807907
  y: 63.0
  z: 626.6999999880791
  yaw: -130.62653
  pitch: 63.39065
homes:
  home:
    world: world
    x: -221.69999998807907
    y: 64.0
    z: 626.6999999880791
    yaw: -132.46165
    pitch: 63.39065
afk: false
money: 1500.0
