timestamps:
  login: 1362757944042
  lastteleport: 1360415150057
  logout: 1362757987302
ipAddress: 122.179.89.90
lastlocation:
  world: Archive
  x: 244.3559497480184
  y: 62.0
  z: 81.87356688898458
  yaw: -350.09677
  pitch: 7.9500155
homes:
  home:
    world: Archive
    x: 234.65698695021365
    y: 62.0
    z: 88.82726952902328
    yaw: -242.84828
    pitch: 3.9000173
afk: false
money: 2201.75
godmode: false
logoutlocation:
  world: Archive
  x: 217.7429109155895
  y: 62.0
  z: 81.05256459815881
  yaw: -128.99554
  pitch: 15.750029
