timestamps:
  login: 1364059428070
  lastteleport: 1364060069067
  logout: 1364060084219
ipAddress: 122.172.187.212
lastlocation:
  world: arena
  x: 37.73328252783329
  y: 35.62709259735153
  z: 66.3670974403222
  yaw: -88.674805
  pitch: 19.34992
homes:
  home:
    world: Archive
    x: 234.65698695021365
    y: 62.0
    z: 88.82726952902328
    yaw: -242.84828
    pitch: 3.9000173
afk: false
money: 2201.75
godmode: false
logoutlocation:
  world: Archive
  x: 232.156515973182
  y: 62.0
  z: 71.99943329238796
  yaw: -188.24544
  pitch: 30.300014
