lastlocation:
  world: world
  x: 1301.0
  y: 97.0
  z: 610.0
  yaw: 0.0
  pitch: 0.0
timestamps:
  login: 1361668146468
  logout: 1361668264001
ipAddress: 67.173.89.38
logoutlocation:
  world: arena
  x: 801.0793097661333
  y: 33.0
  z: -1235.9293490093805
  yaw: 5.5493097
  pitch: -10.4999895
