timestamps:
  login: 1345931442622
  logout: 1345931915834
ipAddress: 109.149.116.2
lastlocation:
  world: world
  x: 254.07499998807907
  y: 103.0
  z: 323.6305367846911
  yaw: -212.41272
  pitch: -5.7000074
money: 1500.0
