lastlocation:
  world: world
  x: 1301.1543724203725
  y: 97.0
  z: 638.3854065318963
  yaw: -355.0837
  pitch: 29.160347
timestamps:
  login: 1349186725899
  logout: 1349186798796
ipAddress: 95.209.235.76
money: 1500.0
