timestamps:
  login: 1343401020758
  lastteleport: 1343401255230
ipAddress: 96.247.57.66
lastlocation:
  world: world
  x: 1433.0139233584787
  y: 119.0
  z: 499.99175358852665
  yaw: 92.12584
  pitch: 5.2499933
money: 1500.0
