timestamps:
  login: 1347724601608
  lastteleport: 1347726798108
  logout: 1347726840904
ipAddress: 174.111.61.199
lastlocation:
  world: world
  x: 454.452680443582
  y: 66.0
  z: -1714.2431521477988
  yaw: -12.899998
  pitch: 6.4500003
afk: false
money: 1500.0
