timestamps:
  login: 1364053560773
  lastteleport: 1347726798108
  logout: 1364053905327
ipAddress: 174.111.61.199
lastlocation:
  world: arena
  x: 115.69999998807907
  y: 62.0
  z: -43.69999998807909
  yaw: 60.35998
  pitch: 14.250009
afk: false
money: 1500.0
logoutlocation:
  world: world
  x: 459.2910818340509
  y: 64.0
  z: -1720.6315810983322
  yaw: -36.449738
  pitch: 26.849855
