timestamps:
  login: 1346485215657
  lastteleport: 1346485323058
  logout: 1346485445698
ipAddress: 122.107.104.120
lastlocation:
  world: world
  x: 247.05557376262172
  y: 102.5
  z: 326.0430548812352
  yaw: -269.69632
  pitch: 19.690084
money: 1500.0
