timestamps:
  login: 1343269683700
  logout: 1343269971202
  lastteleport: 1343269747054
ipAddress: 74.77.32.236
lastlocation:
  world: skylands
  x: -798.901932062546
  y: -66.70685460404695
  z: -1166.2656821905146
  yaw: -40.979248
  pitch: -0.75002456
money: 1480.0
