timestamps:
  login: 1341663598778
  lastteleport: 1341665864541
  logout: 1341666274173
ipAddress: 92.26.149.47
lastlocation:
  world: world
  x: 391.69999998807907
  y: 75.5
  z: 141.69999998807907
  yaw: 337.3472
  pitch: 6.7500186
jailed: true
jail: lava
money: 500.0
