timestamps:
  login: 1358066962957
  logout: 1358067006786
ipAddress: 81.167.149.67
lastlocation:
  world: Ellesmera
  x: -533.1229414071638
  y: 65.0
  z: -585.4812254324231
  yaw: -21.299992
  pitch: 0.5999994
