lastlocation:
  world: SkyBlockMultiplayer
  x: -95.30000001192093
  y: 64.0
  z: -98.90389583475589
  yaw: 269.23077
  pitch: 27.327293
timestamps:
  login: 1348446756788
  logout: 1348447692430
ipAddress: 65.128.109.138
money: 1500.0
