lastlocation:
  world: arena
  x: 801.5
  y: 33.50999999046324
  z: -1220.5
  yaw: 129.45001
  pitch: 14.099957
timestamps:
  login: 1360612377655
  logout: 1360612414496
ipAddress: 76.106.201.198
