timestamps:
  login: 1358220775045
  lastteleport: 1358221268476
  logout: 1358221378647
ipAddress: 70.94.62.65
lastlocation:
  world: Ellesmera
  x: -711.7301296572491
  y: 69.0
  z: -639.1279477884573
  yaw: -241.95021
  pitch: 18.149998
