timestamps:
  login: 1349209061199
  logout: 1349212700667
ipAddress: 108.204.216.61
lastlocation:
  world: Pern
  x: 312.30000001192093
  y: 80.7531999805212
  z: 206.74262804327824
  yaw: 125.57611
  pitch: 32.25
ban:
  reason: 'Banned: Stealing...'
money: 1500.0
