timestamps:
  login: 1345498621980
  logout: 1345499183133
ipAddress: 75.162.232.164
lastlocation:
  world: world
  x: -257.69135748092936
  y: 61.69999893056126
  z: 616.9975258779451
  yaw: 47.564575
  pitch: 3.599975
money: 1500.0
