timestamps:
  login: 1361603924956
  logout: 1361604002608
  lastteleport: 1361326426556
ipAddress: 108.73.185.92
lastlocation:
  world: skyworld
  x: 111.1106256641574
  y: 126.0
  z: 221.15583334269104
  yaw: -286.64966
  pitch: 35.249966
homes:
  home:
    world: SkyBlockMultiplayer
    x: 100.0
    y: 64.0
    z: -150.0
    yaw: -59.09997
    pitch: 34.8
money: 1500.0
