lastlocation:
  world: world
  x: 993.4206986167491
  y: 58.0
  z: 61.00849245827054
  yaw: 210.3586
  pitch: 2.8394752
timestamps:
  login: 1350835637846
  logout: 1350835638899
  lastteleport: 1350833365229
ipAddress: 75.108.216.72
money: 1500.0
