timestamps:
  login: 1343766620142
  logout: 1343767886351
ipAddress: 95.89.76.51
lastlocation:
  world: SkyBlockMultiplayer
  x: 0.05643867101027267
  y: 4.0
  z: -250.07459145993164
  yaw: -99.450005
  pitch: 9.3
money: 1500.0
