lastlocation:
  world: arena
  x: 879.6687187084405
  y: 26.0
  z: -1231.2411439090629
  yaw: 184.04997
  pitch: 2.8499548
timestamps:
  login: 1362922275323
  logout: 1362922275784
ipAddress: 99.34.2.234
logoutlocation:
  world: skyworld
  x: 331.4350390102901
  y: 125.0
  z: 109.42320243159324
  yaw: 55.499847
  pitch: 39.899967
