timestamps:
  login: 1352147562660
  logout: 1352147889208
ipAddress: 90.3.241.156
lastlocation:
  world: world
  x: 121.30000001192093
  y: 64.0
  z: 377.6798792222666
  yaw: 84.317535
  pitch: 5.400043
money: 1500.0
