timestamps:
  login: 1346197444305
  logout: 1346186562523
ipAddress: 76.121.153.186
lastlocation:
  world: world
  x: -828.6512704671155
  y: 64.0
  z: 743.702292522024
  yaw: 118.966064
  pitch: 17.999998
money: 1500.0
