timestamps:
  login: 1347812523580
  logout: 1347812560487
ipAddress: 24.126.224.27
lastlocation:
  world: world
  x: 229.20732663106173
  y: 154.0
  z: 324.398335205471
  yaw: 266.3855
  pitch: 19.800007
money: 1500.0
