timestamps:
  login: 1345963523854
  logout: 1345963572276
ipAddress: 98.224.136.215
lastlocation:
  world: world
  x: 223.69842810823042
  y: 138.0
  z: 331.42443936928385
  yaw: 95.98486
  pitch: 9.450012
money: 1500.0
