timestamps:
  login: 1341686680993
  lastteleport: 1341687177524
  logout: 1341687835505
ipAddress: 209.104.107.151
lastlocation:
  world: world
  x: 185.48716166766994
  y: 58.0
  z: 73.52474144550344
  yaw: 13.650024
  pitch: 12.6000185
money: 100.0
