timestamps:
  login: 1348075586111
  logout: 1348075935592
  lastteleport: 1348075593543
ipAddress: 83.100.226.241
lastlocation:
  world: world
  x: 518.8026458818478
  y: 73.0
  z: 1287.9401905373054
  yaw: 28.200117
  pitch: 13.35001
money: 1500.0
