timestamps:
  login: 1345888228913
  logout: 1345888577839
ipAddress: 109.153.175.228
lastlocation:
  world: world
  x: 226.30000001192101
  y: 155.0
  z: 324.13749998807907
  yaw: 348.1117
  pitch: 67.46808
money: 1500.0
