lastlocation:
  world: arena
  x: 811.519959638864
  y: 33.5
  z: -1224.0955238564018
  yaw: -23.399847
  pitch: -39.749928
timestamps:
  login: 1362204776635
  lastteleport: 1362204931287
  logout: 1362209042627
ipAddress: 98.194.224.124
logoutlocation:
  world: skyworld
  x: -215.31909877535364
  y: 123.0
  z: -2.8208091020032375
  yaw: -315.64355
  pitch: 27.299984
