timestamps:
  login: 1346253578760
  logout: 1346253592710
ipAddress: 176.254.154.211
lastlocation:
  world: SkyBlockMultiplayer
  x: -49.21955507785178
  y: -106.53078235250975
  z: -160.66701153587704
  yaw: 0.9000543
  pitch: 3.1500306
money: 1500.0
