timestamps:
  login: 1358268568847
  logout: 1358268892569
ipAddress: 86.210.117.132
lastlocation:
  world: world
  x: 135.6999999880791
  y: 64.0
  z: 463.48824237849686
  yaw: 264.90057
  pitch: 44.700024
