lastlocation:
  world: world
  x: 823.5
  y: 64.0
  z: 1497.5
  yaw: 2.9325929
  pitch: -2.4942153
timestamps:
  login: 1361322510099
  lastteleport: 1361322614466
  logout: 1361322618223
ipAddress: 98.64.140.216
