lastlocation:
  world: world
  x: 1279.9442770140276
  y: 96.0
  z: 620.4700866986245
  yaw: -340.42297
  pitch: 19.293888
timestamps:
  login: 1346887620868
  logout: 1346887621643
ipAddress: 108.198.140.11
money: 1500.0
