timestamps:
  login: 1363128859455
  logout: 1363129029903
ipAddress: 208.66.144.250
lastlocation:
  world: world
  x: 928.1565572366218
  y: 64.0
  z: -2056.5305117702865
  yaw: 125.39804
  pitch: 3.3000314
logoutlocation:
  world: world
  x: 1007.5406420725774
  y: 64.0
  z: -2057.5521219009534
  yaw: -269.70132
  pitch: 20.250063
