timestamps:
  login: 1345659236765
  lastteleport: 1345660073420
ipAddress: 74.78.25.44
lastlocation:
  world: Notra
  x: 1561.2202718382741
  y: 30.0
  z: 488.69999998807907
  yaw: -17.67987
  pitch: 44.999992
money: 1500.0
