timestamps:
  login: 1351893283108
  logout: 1351893329080
ipAddress: 174.253.97.111
lastlocation:
  world: world
  x: -307.2273952857854
  y: 70.0
  z: 576.8961025413977
  yaw: 69.03825
  pitch: 34.416283
money: 1500.0
