timestamps:
  login: 1355854227657
  logout: 1355854246757
ipAddress: 98.202.171.79
lastlocation:
  world: world
  x: 229.09369765223155
  y: 154.0
  z: 325.441035984084
  yaw: 270.57352
  pitch: -3.6000147
money: 1500.0
