timestamps:
  login: 1354553869472
  lastteleport: 1354387690925
  logout: 1354553892271
ipAddress: 86.140.158.126
lastlocation:
  world: realm
  x: 5619.6636922785065
  y: 76.0
  z: -3141.879642911538
  yaw: -234.6667
  pitch: 9.47749
money: 1500.0
