timestamps:
  login: 1361458852450
  logout: 1361458946844
ipAddress: 94.210.16.143
lastlocation:
  world: world_nether
  x: 38.69999998807907
  y: 74.5
  z: -11.332774337599119
  yaw: 257.87424
  pitch: 13.620673
money: 1500.0
