timestamps:
  login: 1345377931687
  logout: 1345379142685
  lastteleport: 1345378475083
ipAddress: 190.166.207.212
lastlocation:
  world: Pern
  x: -147.69999998807907
  y: 64.0
  z: 604.6999999880791
  yaw: -93.05807
  pitch: 4.7497406
homes:
  home:
    world: Pern
    x: -147.69999998807907
    y: 64.0
    z: 604.4983401886687
    yaw: -89.81487
    pitch: 1.5065371
nickname: §aT§bh§ce§dX§ec§fu§ab§be
afk: false
money: 1560.0
