timestamps:
  login: 1342994615074
  logout: 1342995177866
ipAddress: 92.25.94.54
lastlocation:
  world: world
  x: -211.331713858599
  y: 63.0
  z: 620.6972998134004
  yaw: -182.11743
  pitch: 90.0
money: 900.0
