lastlocation:
  world: Notra
  x: 1523.227020928956
  y: -147.29206835467846
  z: 433.59040295745956
  yaw: 31.52655
  pitch: -54.449986
timestamps:
  login: 1348311530090
  logout: 1348311635892
ipAddress: 95.147.159.114
money: 1500.0
