timestamps:
  login: 1340062239735
  logout: 1340063135619
  lastteleport: 1340062909585
ipAddress: 174.29.70.227
lastlocation:
  world: skylands
  x: -1010.3281189195666
  y: 67.0
  z: -1380.2406649130758
  yaw: -24.896729
  pitch: 15.300031
money: 3724.82731353751
