lastlocation:
  world: world
  x: 234.59087741109172
  y: 102.5
  z: 314.63072408047356
  yaw: -182.72658
  pitch: -4.4999876
timestamps:
  login: 1347738801699
  logout: 1347738924980
ipAddress: 65.96.214.213
money: 1500.0
