lastlocation:
  world: world
  x: 234.4201517766452
  y: 102.5
  z: 322.742724948984
  yaw: -14.126562
  pitch: 10.350012
timestamps:
  login: 1347765451521
  logout: 1347766417634
ipAddress: 76.30.35.119
money: 1500.0
