timestamps:
  login: 1346273380123
  logout: 1346273490397
ipAddress: 68.38.186.59
lastlocation:
  world: world
  x: 238.19687394646405
  y: 128.5
  z: 319.07938828213014
  yaw: -282.68915
  pitch: -3.3695967
money: 1500.0
