timestamps:
  login: 1355699601505
  logout: 1355699976692
ipAddress: 71.232.152.109
lastlocation:
  world: world
  x: 222.26054894557456
  y: 141.68749999999994
  z: 106.71929715014994
  yaw: -204.73917
  pitch: -85.499954
money: 1500.0
