lastlocation:
  world: Ellesmera
  x: -480.4864451992753
  y: 34.0
  z: -642.5034641184169
  yaw: 139.50235
  pitch: 14.293065
timestamps:
  login: 1357941188512
  lastteleport: 1357941616737
  logout: 1357941687429
ipAddress: 174.48.54.227
