lastlocation:
  world: world
  x: 237.6101166342177
  y: 143.0
  z: 326.8587306201922
  yaw: -143.11491
  pitch: 39.0001
timestamps:
  login: 1346742294370
  logout: 1346742392799
ipAddress: 80.1.220.99
money: 1500.0
