timestamps:
  login: 1347225900583
  logout: 1347226071279
ipAddress: 108.237.132.232
lastlocation:
  world: world
  x: 229.20350337610063
  y: 140.0
  z: 341.5368644917952
  yaw: -96.014465
  pitch: 3.8999913
money: 1500.0
