lastlocation:
  world: world
  x: 229.15535684736955
  y: 154.0
  z: 325.68079278160326
  yaw: 262.9355
  pitch: 23.400011
timestamps:
  login: 1350182719744
  logout: 1350182912197
ipAddress: 97.95.130.60
money: 1500.0
