lastlocation:
  world: world
  x: 1301.0
  y: 97.0
  z: 610.0
  yaw: 0.0
  pitch: 0.0
timestamps:
  login: 1362709547664
  logout: 1362709778470
ipAddress: 99.47.248.151
logoutlocation:
  world: arena
  x: 93.16546968153926
  y: 32.0
  z: 19.018123238859808
  yaw: -164.40012
  pitch: 27.299944
