lastlocation:
  world: world
  x: 171.30000001192093
  y: 59.0
  z: 588.6079846615903
  yaw: -210.28592
  pitch: 43.50006
timestamps:
  login: 1346969903300
  logout: 1346970583539
ipAddress: 99.239.80.29
ban:
  reason: 'Banned: The Ban Hammer has spoken!'
money: 1500.0
