timestamps:
  login: 1345584706107
  logout: 1345584764438
ipAddress: 92.23.192.129
lastlocation:
  world: world
  x: 240.7235880379882
  y: 155.0
  z: 319.9315556973236
  yaw: 77.10439
  pitch: 2.8876355
money: 1500.0
