timestamps:
  login: 1358016384659
  logout: 1358016397354
ipAddress: 75.9.153.59
lastlocation:
  world: world
  x: 165.83727070881235
  y: 63.0
  z: 422.51280556243614
  yaw: 178.21402
  pitch: 21.29997
money: 1500.0
