timestamps:
  login: 1363651949819
  logout: 1363652588386
  lastteleport: 1363652575060
ipAddress: 75.136.223.153
lastlocation:
  world: arena
  x: 677.3833763388839
  y: 33.0
  z: -1256.0136875085093
  yaw: 5.2497354
  pitch: 25.04999
homes:
  home:
    world: world
    x: 724.6502597952804
    y: 66.0
    z: -701.3180094677955
    yaw: -185.38052
    pitch: 62.400005
afk: false
nickname: ยง4Herobrine
money: 435251.19138977927
logoutlocation:
  world: arena
  x: 689.2571439167648
  y: 32.0
  z: -1236.4437842273173
  yaw: -196.50026
  pitch: 24.89999
