timestamps:
  login: 1362789308638
  logout: 1362789781483
  lastteleport: 1362789461470
ipAddress: 75.136.223.153
lastlocation:
  world: world
  x: 646.103748889785
  y: 14.0
  z: -721.9814033354655
  yaw: 0.020501768
  pitch: 1.4999757
homes:
  home:
    world: world
    x: 724.6502597952804
    y: 66.0
    z: -701.3180094677955
    yaw: -185.38052
    pitch: 62.400005
afk: false
nickname: ยง4Herobrine
money: 435251.19138977927
logoutlocation:
  world: world
  x: 984.0749999880791
  y: 66.0
  z: 48.08245335234529
  yaw: 199.74054
  pitch: -1.3500172
