timestamps:
  login: 1343523729684
  logout: 1343524910798
ipAddress: 76.97.82.223
lastlocation:
  world: world
  x: 883.0514762394658
  y: 67.0
  z: 1317.6046366153505
  yaw: 191.22496
  pitch: 10.799957
money: 1500.0
