lastlocation:
  world: world
  x: 225.50215225729903
  y: 127.0
  z: 335.73732295315875
  yaw: 155.90417
  pitch: 29.19361
timestamps:
  login: 1353155911267
  lastteleport: 1347977864842
  logout: 1353155913884
ipAddress: 88.91.119.117
money: 1500.0
