timestamps:
  login: 1349459473950
  logout: 1349459461934
ipAddress: 96.21.53.120
lastlocation:
  world: SkyBlockMultiplayer
  x: -4.971056069788812
  y: 67.99999999999997
  z: -42.37073557910199
  yaw: 233.99129
  pitch: 31.024326
ban:
  reason: 'Banned: Flying/Hacking'
money: 1500.0
