timestamps:
  login: 1355890015725
  logout: 1355890471857
ipAddress: 76.107.95.201
lastlocation:
  world: world
  x: 264.37252165961377
  y: 66.0
  z: 255.5800569369615
  yaw: 228.51631
  pitch: 23.747793
money: 1500.0
