timestamps:
  login: 1347722687867
  lastteleport: 1347722930337
  logout: 1347723175029
ipAddress: 72.223.24.76
lastlocation:
  world: world
  x: 981.5673155087042
  y: 68.0
  z: 1370.330762236768
  yaw: -319.69482
  pitch: 5.241334
ban:
  reason: 'Banned: griefing'
money: 1500.0
