lastlocation:
  world: world
  x: 401.51416330054707
  y: 65.0
  z: 1155.3051371122292
  yaw: 209.6845
  pitch: 67.24239
timestamps:
  login: 1355321816217
  logout: 1355321839619
ipAddress: 68.150.98.107
money: 1500.0
