timestamps:
  login: 1349717195345
  logout: 1349719409353
  lastteleport: 1349719039470
ipAddress: 75.66.174.159
lastlocation:
  world: SkyBlockMultiplayer
  x: -293.0171347691538
  y: 7.0156123075471495
  z: 11.282031645459973
  yaw: 51.489258
  pitch: 84.88198
money: 1500.0
