lastlocation:
  world: world
  x: 236.1210674064532
  y: 150.0
  z: 321.6476640520418
  yaw: -27.327703
  pitch: 23.850016
timestamps:
  login: 1346696182736
  logout: 1346696614719
ipAddress: 97.83.57.112
money: 1500.0
