timestamps:
  login: 1353642110440
  logout: 1353642127370
ipAddress: 76.91.121.235
lastlocation:
  world: world
  x: 222.77954341203477
  y: 154.0
  z: 325.3991252067499
  yaw: 275.2355
  pitch: 27.75
money: 1500.0
