timestamps:
  login: 1346027374234
  logout: 1346028020184
ipAddress: 174.45.125.146
lastlocation:
  world: world
  x: 251.15305166421533
  y: 102.5
  z: 321.4349020973244
  yaw: 266.98346
  pitch: 0.7500021
money: 1500.0
