timestamps:
  login: 1346357499224
  logout: 1346357684506
ipAddress: 173.133.213.233
lastlocation:
  world: world
  x: 236.92500001192093
  y: 102.0
  z: 319.4104172850784
  yaw: -314.04028
  pitch: 5.3086376
money: 1500.0
