timestamps:
  login: 1347746646103
  logout: 1347747017171
ipAddress: 70.68.151.209
lastlocation:
  world: world
  x: 220.24066588408016
  y: 127.0
  z: 325.3314774927401
  yaw: -271.3645
  pitch: -17.849997
money: 1500.0
