timestamps:
  login: 1356489143813
  lastteleport: 1344811050207
  logout: 1356489180849
ipAddress: 76.68.103.50
lastlocation:
  world: world
  x: 233.67689727815528
  y: 152.5
  z: 326.6867361184755
  yaw: 117.13488
  pitch: -22.86633
money: 2900.0
