timestamps:
  login: 1346078516061
  logout: 1346078542575
ipAddress: 91.100.98.1
lastlocation:
  world: void
  x: -2.5
  y: 51.0
  z: 10.5
  yaw: 137.82121
  pitch: 36.022835
money: 1500.0
