timestamps:
  login: 1342808878306
  logout: 1341950016031
ipAddress: 71.199.208.191
lastlocation:
  world: world
  x: 327.7072510417373
  y: 72.0
  z: 5.353996712743301
  yaw: 25.20017
  pitch: 34.350018
afk: false
money: 1740.0
