lastlocation:
  world: world
  x: 232.2395730075527
  y: 140.0
  z: 306.92500001192093
  yaw: -113.1286
  pitch: 14.431886
timestamps:
  login: 1350153171221
  logout: 1350153203981
ipAddress: 174.20.217.156
money: 1500.0
