timestamps:
  login: 1345473429038
  logout: 1345473603440
ipAddress: 99.245.117.186
lastlocation:
  world: world
  x: 233.78184949865772
  y: 102.5
  z: 310.117454536476
  yaw: -205.06494
  pitch: 17.250051
money: 1500.0
