lastlocation:
  world: arena
  x: 840.9514456217669
  y: 32.0
  z: -1222.3387751705857
  yaw: -91.25224
  pitch: 89.144646
timestamps:
  login: 1361549513180
  logout: 1361549577888
ipAddress: 78.144.209.65
