lastlocation:
  world: world
  x: 241.71705125702218
  y: 65.0
  z: 235.1598236067793
  yaw: 176.56543
  pitch: 8.549993
timestamps:
  login: 1348861500621
  logout: 1348861696041
ipAddress: 88.90.64.154
money: 1500.0
