timestamps:
  login: 1353868386563
  lastteleport: 1353870147329
  logout: 1353870208075
ipAddress: 76.116.79.86
lastlocation:
  world: realm
  x: 4025.6118309563094
  y: 82.0
  z: -4025.9518667114853
  yaw: 2.3886719
  pitch: 65.12832
money: 1500.0
