lastlocation:
  world: Ellesmera
  x: -478.69999998807907
  y: 34.0
  z: -642.1284066301181
  yaw: -257.84763
  pitch: -9.5569315
timestamps:
  login: 1358362377297
  lastteleport: 1358362407963
  logout: 1358362485026
ipAddress: 64.252.136.227
money: 1515.0
