lastlocation:
  world: Ellesmera
  x: -944.1929835425667
  y: 11.0
  z: -1373.668795073811
  yaw: 93.23253
  pitch: 6.8999925
timestamps:
  login: 1362234642051
  lastteleport: 1361655921959
  logout: 1362234677262
ipAddress: 64.252.118.224
money: 1515.0
homes:
  home:
    world: Ellesmera
    x: -1020.5780525388645
    y: 72.0
    z: -1442.7924464515636
    yaw: 160.72754
    pitch: 15.2999935
logoutlocation:
  world: Ellesmera
  x: -984.3693376154148
  y: 64.0
  z: -1436.300000011921
  yaw: -69.52258
  pitch: 7.3499947
