timestamps:
  login: 1347325565594
  logout: 1347326385161
  lastteleport: 1347326090228
ipAddress: 208.14.101.211
lastlocation:
  world: world
  x: 727.8517235035848
  y: 62.0
  z: -406.51243982259547
  yaw: -4.4680176
  pitch: 6.1499987
afk: false
money: 1500.0
