timestamps:
  login: 1359080780611
  logout: 1359082150158
  lastteleport: 1359082011838
ipAddress: 174.59.211.219
lastlocation:
  world: Ellesmera
  x: -553.6999999880791
  y: 67.0
  z: -648.7152352066496
  yaw: 50.317547
  pitch: 31.389263
