timestamps:
  login: 1346346513678
  lastteleport: 1346285935323
  logout: 1346346863620
ipAddress: 24.22.206.238
lastlocation:
  world: world
  x: 1614.7312420898052
  y: 64.5
  z: -109.03230476811493
  yaw: 121.37646
  pitch: 11.100086
money: 1500.0
