timestamps:
  login: 1347339946538
  logout: 1347340066812
  lastteleport: 1347339981664
ipAddress: 71.17.253.215
lastlocation:
  world: world
  x: 234.3240679593152
  y: 102.5
  z: 322.33211122528576
  yaw: -239.42653
  pitch: 11.100017
money: 1500.0
