timestamps:
  login: 1355602223277
  logout: 1355602223936
ipAddress: 67.84.172.135
lastlocation:
  world: world
  x: 1272.481455312385
  y: 96.0
  z: 616.9816916792887
  yaw: -71.54997
  pitch: 0.59999967
money: 1500.0
