lastlocation:
  world: world
  x: 230.02999217953624
  y: 127.0
  z: 327.6304986320957
  yaw: -65.82514
  pitch: 10.321503
timestamps:
  login: 1347690494272
  logout: 1347690527653
ipAddress: 81.237.217.145
money: 1500.0
