timestamps:
  login: 1341019054892
  lastteleport: 1341018098821
  logout: 1341020304820
  mute: 0
ipAddress: 66.167.250.57
lastlocation:
  world: world
  x: 203.3264912511235
  y: 68.0
  z: 833.2702973910101
  yaw: 179.38364
  pitch: 41.099842
homes:
  home:
    world: world
    x: 202.30000001192093
    y: 68.0
    z: 834.7607567489069
    yaw: 93.433716
    pitch: 25.799843
afk: false
money: 109.31255046265633
muted: false
ban:
  reason: Temporarily banned from server for  1 day 12 hours
  timeout: 0
