timestamps:
  login: 1342201831628
  logout: 1342202025222
  lastteleport: 1342046340688
ipAddress: 2.223.105.175
lastlocation:
  world: world
  x: -239.73191298901034
  y: 62.0
  z: 683.1789269231062
  yaw: 22.799347
  pitch: 11.850001
afk: false
money: 1500.0
