timestamps:
  login: 1347911452768
  logout: 1347911635859
ipAddress: 200.83.65.9
lastlocation:
  world: world
  x: 237.86573829465027
  y: 102.5
  z: 336.66625533394233
  yaw: 285.12708
  pitch: 16.04189
money: 1500.0
