timestamps:
  login: 1344624015511
  lastteleport: 1344624174232
  logout: 1344624235314
ipAddress: 87.56.27.217
lastlocation:
  world: world
  x: 231.28491543309224
  y: 102.0
  z: 344.5845007993452
  yaw: -81.19812
  pitch: 14.791761
money: 1500.0
