timestamps:
  login: 1354391451721
  lastteleport: 1354391518616
  logout: 1354391552778
ipAddress: 188.181.225.145
lastlocation:
  world: world
  x: 232.2274721021382
  y: 145.5
  z: 324.2700913307583
  yaw: 149.97359
  pitch: 24.149986
money: 1500.0
