timestamps:
  login: 1350788678232
  logout: 1350788870731
ipAddress: 70.26.107.80
lastlocation:
  world: SkyBlockMultiplayer
  x: -3.6188351863344503
  y: -131.0108832224517
  z: -3.359427084555534
  yaw: -39.60327
  pitch: -87.00025
money: 1500.0
