timestamps:
  login: 1358443696862
  logout: 1358444083136
ipAddress: 178.25.133.56
lastlocation:
  world: Ellesmera
  x: -562.614534019319
  y: 70.0
  z: -569.8190942734612
  yaw: 90.90001
  pitch: 3.299989
