timestamps:
  login: 1346471192785
  logout: 1346471341099
ipAddress: 98.165.151.168
lastlocation:
  world: world
  x: 1279.2091183986795
  y: 96.0
  z: 604.2241194825147
  yaw: 354.75024
  pitch: 1.050018
money: 1500.0
