timestamps:
  login: 1349389078458
  logout: 1349389091397
ipAddress: 68.144.221.95
lastlocation:
  world: world
  x: 221.90559664598806
  y: 140.0
  z: 324.9329302014543
  yaw: -289.51346
  pitch: 0.67226726
money: 1500.0
