timestamps:
  login: 1345567374296
  logout: 1345567760258
ipAddress: 68.93.161.209
lastlocation:
  world: world
  x: 234.09460799166905
  y: 102.5
  z: 335.4373381810721
  yaw: -288.615
  pitch: 24.600016
money: 1500.0
