timestamps:
  login: 1349810609292
  logout: 1349811162601
ipAddress: 174.53.151.87
lastlocation:
  world: world
  x: 314.0
  y: 67.03584062504456
  z: -108.5
  yaw: -24.421906
  pitch: 32.69992
ban:
  reason: 'Banned: Grief'
money: 1500.0
