timestamps:
  login: 1346693734562
  logout: 1346694150890
ipAddress: 66.68.47.169
lastlocation:
  world: SkyBlockMultiplayer
  x: -197.75566798481455
  y: 64.0
  z: 50.05966775837878
  yaw: -51.14993
  pitch: 55.949932
money: 1500.0
