timestamps:
  login: 1350072577882
  logout: 1350072589434
ipAddress: 24.90.139.253
lastlocation:
  world: world
  x: 222.08234890230494
  y: 154.0
  z: 325.26562109859617
  yaw: -86.114525
  pitch: 14.850005
money: 1500.0
