lastlocation:
  world: world
  x: 250.72327205993992
  y: 102.5
  z: 321.84869034696976
  yaw: 266.82736
  pitch: 6.443709
timestamps:
  login: 1347743327035
  lastteleport: 1347743530597
  logout: 1347743561681
ipAddress: 70.123.168.77
money: 1500.0
