timestamps:
  login: 1346769401566
  logout: 1346769380326
  lastteleport: 1346769415348
ipAddress: 90.192.195.230
lastlocation:
  world: world
  x: 238.68088809831636
  y: 142.73152379758702
  z: 330.8424761253295
  yaw: -56.783813
  pitch: 67.20767
money: 1500.0
