lastlocation:
  world: world
  x: 220.29691410988525
  y: 70.5
  z: 323.93055855631957
  yaw: 12.464206
  pitch: 9.29999
timestamps:
  login: 1347132748916
  logout: 1347132928124
ipAddress: 190.80.120.43
money: 1500.0
