timestamps:
  login: 1359113887870
  logout: 1359113889307
  lastteleport: 1358285031677
ipAddress: 108.196.104.180
lastlocation:
  world: Ellesmera
  x: -827.8728023163934
  y: 66.0
  z: -1456.8180082814058
  yaw: -21.246399
  pitch: 9.468734
