lastlocation:
  world: world
  x: 233.24185372642262
  y: 102.5
  z: 343.61548636514726
  yaw: -20.028442
  pitch: 0.7335084
timestamps:
  login: 1354747223605
  logout: 1354747364764
ipAddress: 174.134.84.52
money: 1500.0
ban:
  reason: 'Banned: Flying hacks'
