lastlocation:
  world: SkyBlockMultiplayer
  x: 80.5308400310961
  y: 37.5477160188007
  z: 24.136274403349955
  yaw: 33.565723
  pitch: 72.16804
timestamps:
  login: 1347680139738
  lastteleport: 1347680347095
  logout: 1347681358449
ipAddress: 184.65.97.54
money: 1500.0
