timestamps:
  login: 1361348762321
  logout: 1361349714700
  lastteleport: 1361348767277
ipAddress: 108.73.185.92
lastlocation:
  world: arena
  x: 662.8733411215478
  y: 32.0
  z: -1257.6240178506982
  yaw: 178.6499
  pitch: 1.0499635
