lastlocation:
  world: world
  x: 234.77213440190468
  y: 144.0
  z: 327.81335840505847
  yaw: -116.41437
  pitch: 21.750118
timestamps:
  login: 1347071629758
  logout: 1347071689518
ipAddress: 65.190.181.136
money: 1500.0
