timestamps:
  login: 1347149559529
  lastteleport: 1347149921864
  logout: 1347149967544
ipAddress: 70.126.199.254
lastlocation:
  world: Notra
  x: 1566.4855257640445
  y: 46.0
  z: 469.58189564331144
  yaw: 67.367294
  pitch: -62.850018
ban:
  reason: 'Banned: Hacking'
money: 1500.0
