timestamps:
  login: 1343379832416
  lastteleport: 1341730157087
  logout: 1343379959866
ipAddress: 59.167.136.106
lastlocation:
  world: world
  x: 1050.5
  y: 78.0
  z: -73.5
  yaw: 208.38399
  pitch: 11.285694
money: 9.0
