lastlocation:
  world: SkyBlockMultiplayer
  x: -520.7757440360521
  y: 5.0
  z: 41.71828453280594
  yaw: 190.31245
  pitch: 66.5946
timestamps:
  login: 1350737497225
  lastteleport: 1350738111864
  logout: 1350738855416
ipAddress: 78.69.69.230
money: 1500.0
