timestamps:
  login: 1350737354522
  lastteleport: 1350738762440
  logout: 1350738845415
ipAddress: 78.69.71.111
lastlocation:
  world: world
  x: 232.98422349906187
  y: 102.5
  z: 350.1198852178918
  yaw: 3.5618286
  pitch: 15.841299
money: 1500.0
