timestamps:
  login: 1353257901659
  lastteleport: 1353247021155
  logout: 1353257932024
ipAddress: 24.61.75.144
lastlocation:
  world: world
  x: 248.0636354999654
  y: 140.0
  z: 310.07499998807907
  yaw: 6.573547
  pitch: 24.900063
money: 1500.0
