timestamps:
  login: 1364004707162
  lastteleport: 1364003246365
  logout: 1364004877116
ipAddress: 71.229.127.109
lastlocation:
  world: Ellesmera
  x: -1652.081975076689
  y: 70.0
  z: -1568.074999988079
  yaw: 172.35202
  pitch: -8.4221365E-6
homes:
  home:
    world: world
    x: 861.888694824544
    y: 63.0
    z: 1349.6289848612532
    yaw: 6.6634083
    pitch: 27.599964
afk: false
money: 104332.25674531609
nickname: PandaAssassin
ban:
  reason: Temporarily banned from server for 7 days
  timeout: 0
logoutlocation:
  world: bastion
  x: -28.272464738558945
  y: 69.38048053162872
  z: -157.69999998807907
  yaw: 287.25034
  pitch: 90.0
