timestamps:
  login: 1360455923177
  lastteleport: 1360455782452
  logout: 1360455965371
ipAddress: 71.229.127.109
lastlocation:
  world: world
  x: 299.0477660920343
  y: 76.0
  z: -49.386568106299194
  yaw: 347.84677
  pitch: 22.349966
homes:
  home:
    world: world
    x: 992.5070778625064
    y: 67.0
    z: 55.232440099553784
    yaw: 356.36978
    pitch: 9.299993
afk: false
money: 104332.25674531609
nickname: PandaAssassin
ban:
  reason: Temporarily banned from server for 7 days
  timeout: 0
