timestamps:
  login: 1364059062414
  lastteleport: 1364059252202
  logout: 1364059057149
ipAddress: 71.229.127.109
lastlocation:
  world: arena
  x: 42.134821610699085
  y: 55.0
  z: 40.92997942934879
  yaw: -129.74704
  pitch: 29.25006
homes:
  home:
    world: world
    x: 861.888694824544
    y: 63.0
    z: 1349.6289848612532
    yaw: 6.6634083
    pitch: 27.599964
afk: false
money: 104332.25674531609
ban:
  reason: Temporarily banned from server for 7 days
  timeout: 0
logoutlocation:
  world: bastion
  x: -44.98532231188125
  y: 72.3956711426074
  z: -174.84076696731069
  yaw: -246.15042
  pitch: 12.900012
