timestamps:
  login: 1364077204309
  lastteleport: 1364077408374
  logout: 1364077437638
ipAddress: 71.229.127.109
lastlocation:
  world: bastion
  x: -14.15317104705796
  y: 67.0
  z: -154.7612662052352
  yaw: -183.6
  pitch: 27.9
homes:
  home:
    world: world
    x: 861.888694824544
    y: 63.0
    z: 1349.6289848612532
    yaw: 6.6634083
    pitch: 27.599964
afk: false
money: 104332.25674531609
ban:
  reason: Temporarily banned from server for 7 days
  timeout: 0
logoutlocation:
  world: world
  x: 861.5
  y: 63.0
  z: 1349.5
  yaw: 6.6634083
  pitch: 27.599964
