timestamps:
  login: 1363549052429
  lastteleport: 1363549356268
  logout: 1363549398432
ipAddress: 71.229.127.109
lastlocation:
  world: world
  x: 838.2785604667777
  y: 55.0
  z: 1346.0661314057397
  yaw: 262.41345
  pitch: -60.45
homes:
  home:
    world: world
    x: 863.034104419287
    y: 63.0
    z: 1342.0075811925383
    yaw: 177.06339
    pitch: 38.69996
afk: false
money: 104332.25674531609
nickname: PandaAssassin
ban:
  reason: Temporarily banned from server for 7 days
  timeout: 0
logoutlocation:
  world: world
  x: 862.2814141660929
  y: 63.00133597911215
  z: 1340.6937769362703
  yaw: 108.51338
  pitch: 45.44996
