lastlocation:
  world: world
  x: 961.5841307541868
  y: 63.0
  z: 1172.2073518227605
  yaw: 35.400513
  pitch: 27.150011
timestamps:
  login: 1353551905321
  logout: 1353552047222
ipAddress: 173.44.65.194
money: 1500.0
