lastlocation:
  world: Ellesmera
  x: -599.7243612050496
  y: 70.0
  z: -668.8912479440147
  yaw: -55.67466
  pitch: 49.962597
timestamps:
  login: 1360368157146
  lastteleport: 1360368571354
  logout: 1360369526347
ipAddress: 72.154.32.193
