timestamps:
  login: 1351037216395
  lastteleport: 1351037339984
  logout: 1351037387844
ipAddress: 173.213.185.232
lastlocation:
  world: world
  x: 663.7281981168887
  y: 66.0
  z: -707.4891779451893
  yaw: 101.13204
  pitch: 60.899994
money: 1500.0
