timestamps:
  login: 1342713420753
  lastteleport: 1342574603301
  logout: 1342713443685
ipAddress: 98.248.52.105
lastlocation:
  world: world
  x: 1109.8196626035517
  y: 74.0
  z: 1225.453042179587
  yaw: 89.89014
  pitch: 19.055233
money: 1721.0124999999998
