timestamps:
  login: 1357139409666
  lastteleport: 1347898276030
  logout: 1357139410735
ipAddress: 86.81.146.187
lastlocation:
  world: world
  x: 230.22019566819986
  y: 66.0
  z: 370.78312084229606
  yaw: -179.67288
  pitch: 23.25014
afk: false
money: 1500.0
