lastlocation:
  world: world
  x: 252.48750001192093
  y: 35.0
  z: 116.203668146268
  yaw: 234.15387
  pitch: -61.305172
timestamps:
  login: 1353075378505
  lastteleport: 1353068095602
  logout: 1353075380595
ipAddress: 87.54.18.51
money: 1500.0
