lastlocation:
  world: world
  x: 216.84076951195502
  y: 138.0
  z: 317.1489002519536
  yaw: 237.43536
  pitch: 3.9000015
timestamps:
  login: 1349473091234
  logout: 1349473099360
ipAddress: 24.11.68.239
money: 1500.0
