timestamps:
  login: 1347238023946
  logout: 1347238119106
  lastteleport: 1347238060095
ipAddress: 173.30.184.150
lastlocation:
  world: SkyBlockMultiplayer
  x: -58.63439751893748
  y: 3.087709259412335
  z: -227.24298775705347
  yaw: 358.35
  pitch: 37.200005
money: 1500.0
