timestamps:
  login: 1346092116751
  lastteleport: 1346092374455
  logout: 1346092397449
ipAddress: 174.59.111.66
lastlocation:
  world: SkyBlockMultiplayer
  x: -1.7356527007200167
  y: 81.5
  z: 4.300000011920927
  yaw: -206.70013
  pitch: 41.249992
money: 1500.0
