timestamps:
  login: 1349455839066
  logout: 1349455882310
  lastteleport: 1349018936618
ipAddress: 70.178.85.31
lastlocation:
  world: world
  x: 239.46503556514259
  y: 70.5
  z: 329.42539878039344
  yaw: 164.27647
  pitch: -12.749982
money: 1500.0
