timestamps:
  login: 1346165510038
  logout: 1346165557078
ipAddress: 65.95.150.150
lastlocation:
  world: world
  x: 234.3240679593152
  y: 102.5
  z: 322.33211122528576
  yaw: 2.5234728
  pitch: -4.349987
money: 1500.0
