timestamps:
  login: 1343595510405
  logout: 1343596691953
ipAddress: 64.136.210.47
lastlocation:
  world: SkyBlockMultiplayer
  x: -49.27717740616052
  y: 64.0
  z: -148.1365258431164
  yaw: -178.24347
  pitch: 65.421524
money: 1500.0
