timestamps:
  login: 1342210388651
  lastteleport: 1342046325201
  logout: 1342210392898
ipAddress: 90.202.164.147
lastlocation:
  world: world
  x: 855.3181791519255
  y: 39.0
  z: 1269.3662816379672
  yaw: 178.43616
  pitch: 29.149977
money: 1500.0
