timestamps:
  login: 1353761536895
  logout: 1353761817789
ipAddress: 60.240.64.220
lastlocation:
  world: world
  x: 1038.9914790352004
  y: 66.0
  z: 1295.9944591895446
  yaw: -34.444855
  pitch: 0.9119818
money: 1500.0
