lastlocation:
  world: Notra
  x: 1532.0461539889097
  y: 40.0
  z: 400.7874805086958
  yaw: -0.27352068
  pitch: 13.500007
timestamps:
  login: 1346792198918
  lastteleport: 1346792343728
  logout: 1346792359610
ipAddress: 108.75.140.207
money: 1500.0
