timestamps:
  login: 1350237537372
  lastteleport: 1350237580577
  logout: 1350237746968
ipAddress: 70.139.69.137
lastlocation:
  world: Notra
  x: 1530.4043278476797
  y: 40.0
  z: 388.01430722652816
  yaw: -25.92303
  pitch: 31.949986
money: 1500.0
