timestamps:
  login: 1345465658009
  logout: 1345465721433
ipAddress: 94.68.108.111
lastlocation:
  world: world
  x: 235.0929703853279
  y: 102.5
  z: 315.4040076123782
  yaw: -178.66754
  pitch: 20.550003
money: 1500.0
