timestamps:
  login: 1359587124374
  logout: 1359588415049
  lastteleport: 1359588407546
lastlocation:
  world: world
  x: 354.5
  y: 82.0
  z: -1175.5
  yaw: 32.583954
  pitch: 21.599995
ipAddress: 108.88.209.122
homes:
  home:
    world: world
    x: 354.8729061407481
    y: 82.0
    z: -1175.5874779411317
    yaw: -125.51605
    pitch: 5.3999953
nickname: §0X§1X§2M§3O§4N§5S§6T§3E§bR§aT§cA§dC§eO§7X§fX
money: 65593.95346158765
