timestamps:
  login: 1356827373025
  logout: 1356827639161
  lastteleport: 1356827511627
ipAddress: 76.236.39.236
lastlocation:
  world: Ellesmera
  x: -536.6999999880792
  y: 66.0
  z: -663.3000000119209
  yaw: 28.5
  pitch: 14.549998
money: 700.0
