timestamps:
  login: 1347500178839
  logout: 1347500295418
ipAddress: 75.161.164.183
lastlocation:
  world: SkyBlockMultiplayer
  x: -48.63531610584602
  y: 64.0155550727022
  z: -49.13094492435531
  yaw: -341.3999
  pitch: 18.900011
money: 1500.0
