lastlocation:
  world: world
  x: 236.2071482596379
  y: 127.0
  z: 333.4845266707463
  yaw: -126.02625
  pitch: 41.250027
timestamps:
  login: 1353451555924
  lastteleport: 1353246339763
  logout: 1353451760824
ipAddress: 98.254.55.39
money: 1500.0
