lastlocation:
  world: world
  x: 234.3240679593152
  y: 102.5
  z: 322.33211122528576
  yaw: -56.987377
  pitch: 5.178736
timestamps:
  login: 1349322931540
  logout: 1349323471595
ipAddress: 184.169.51.68
money: 1500.0
