lastlocation:
  world: Ellesmera
  x: 108.54659610403212
  y: 70.0
  z: -635.6008724313565
  yaw: -95.99988
  pitch: 44.250004
timestamps:
  login: 1359457056775
  lastteleport: 1356891018116
  logout: 1359457766121
ipAddress: 78.75.57.70
money: 1507.5
