lastlocation:
  world: arena
  x: 664.306925067987
  y: 32.0
  z: -1254.4679669953885
  yaw: -192.37108
  pitch: 3.9411135
timestamps:
  login: 1361348759979
  logout: 1361349761068
ipAddress: 74.232.57.104
