timestamps:
  login: 1348847186529
  lastteleport: 1347987678509
  logout: 1348847190478
ipAddress: 80.101.52.43
lastlocation:
  world: Pern
  x: -5219.537075756126
  y: 59.0
  z: 5189.455255326935
  yaw: 26.71895
  pitch: 90.0
afk: false
ban:
  reason: 'Banned: grief'
money: 0.0
