timestamps:
  login: 1349988061413
  logout: 1349988163027
ipAddress: 72.9.1.125
lastlocation:
  world: world
  x: 226.04183974379472
  y: 140.10408037809304
  z: 309.3119584552067
  yaw: -20.684326
  pitch: 4.174963
money: 1500.0
