timestamps:
  login: 1348448792615
  logout: 1348449043269
ipAddress: 70.162.140.78
lastlocation:
  world: SkyBlockMultiplayer
  x: 52.6824955603072
  y: 64.0
  z: 1.958299807165381
  yaw: 139.94997
  pitch: 11.550053
money: 1500.0
