timestamps:
  login: 1345909821352
  logout: 1345910003072
ipAddress: 96.24.172.222
lastlocation:
  world: world
  x: 229.77071020931515
  y: 102.5
  z: 333.69999998807907
  yaw: -337.81494
  pitch: 30.000021
money: 1500.0
