lastlocation:
  world: world
  x: 247.91648648675087
  y: 127.0
  z: 327.3783093117689
  yaw: -237.66797
  pitch: 25.109528
timestamps:
  login: 1349801212522
  logout: 1349801445715
ipAddress: 87.114.79.233
money: 1500.0
