timestamps:
  login: 1345979354863
  logout: 1345979455724
ipAddress: 90.195.134.211
lastlocation:
  world: SkyBlockMultiplayer
  x: -0.6175464686197844
  y: 65.0
  z: -148.71845774055524
  yaw: -71.32809
  pitch: 86.603424
money: 1500.0
