timestamps:
  login: 1349654044116
  logout: 1349656890390
ipAddress: 65.28.54.179
lastlocation:
  world: Pern
  x: 138.6999999880791
  y: 47.0
  z: 432.3318067694019
  yaw: 244.66528
  pitch: 17.699799
money: 1500.0
