timestamps:
  login: 1359223716324
  logout: 1359224033421
ipAddress: 213.114.249.43
lastlocation:
  world: world
  x: 293.72162497851815
  y: 70.0
  z: -92.69999998807907
  yaw: -195.00014
  pitch: 12.750019
