timestamps:
  login: 1346379037712
  logout: 1346379217539
ipAddress: 24.119.236.77
lastlocation:
  world: world
  x: 234.3240679593152
  y: 102.5
  z: 322.33211122528576
  yaw: -69.926575
  pitch: -28.349985
money: 1500.0
