timestamps:
  login: 1359338767750
  logout: 1359339105705
  lastteleport: 1359338999808
ipAddress: 96.248.9.150
lastlocation:
  world: world
  x: 823.5
  y: 64.0
  z: 1497.5
  yaw: -132.31279
  pitch: 7.713131
