timestamps:
  login: 1362919948511
  logout: 1362920067063
ipAddress: 24.188.224.105
lastlocation:
  world: world
  x: 1301.0
  y: 97.0
  z: 610.0
  yaw: 0.0
  pitch: 0.0
logoutlocation:
  world: world
  x: 830.3395539337931
  y: 64.0
  z: 1511.8870629200103
  yaw: -96.00031
  pitch: 2.0999959
