timestamps:
  login: 1347785111047
  logout: 1347785343731
ipAddress: 42.60.114.138
lastlocation:
  world: world
  x: 243.76973596477367
  y: 102.5
  z: 333.7963527793174
  yaw: -43.215088
  pitch: 15.750006
money: 1500.0
