lastlocation:
  world: world
  x: 244.35970763841573
  y: 102.5
  z: 335.301282798805
  yaw: -83.29991
  pitch: 44.08297
timestamps:
  login: 1350773164492
  logout: 1350773400720
ipAddress: 68.225.224.114
money: 1500.0
