timestamps:
  login: 1349609635759
  lastteleport: 1349610102774
  logout: 1349610829850
ipAddress: 98.155.6.127
lastlocation:
  world: world
  x: -44.443405784975226
  y: 66.0
  z: 695.6840690605835
  yaw: -281.97324
  pitch: 27.750013
money: 1500.0
