timestamps:
  login: 1343534080410
  logout: 1343536752721
ipAddress: 174.29.159.130
lastlocation:
  world: SkyBlockMultiplayer
  x: 76.55679094649507
  y: -196.44823636933924
  z: 49.63697332390423
  yaw: -96.01941
  pitch: 67.350006
homes:
  home:
    world: SkyBlockMultiplayer
    x: 99.59682645066314
    y: 64.0
    z: 52.53699534246089
    yaw: -353.86853
    pitch: 44.84996
afk: false
money: 1500.0
