timestamps:
  login: 1346333181231
  logout: 1346333200265
ipAddress: 84.52.241.4
lastlocation:
  world: world
  x: 230.92500001192093
  y: 102.5
  z: 320.2625587953222
  yaw: 30.935116
  pitch: 4.476308
money: 1500.0
