timestamps:
  login: 1346168940915
  logout: 1346165499785
ipAddress: 70.49.197.51
lastlocation:
  world: world
  x: 230.75679066172714
  y: 102.5
  z: 322.8168426997012
  yaw: 76.17343
  pitch: 2.5500119
money: 1500.0
