timestamps:
  login: 1364015260172
  logout: 1364015924087
  lastteleport: 1364015645302
ipAddress: 75.64.96.238
lastlocation:
  world: realm
  x: 4045.137499988079
  y: 62.0
  z: -4033.6853487490826
  yaw: 210.23158
  pitch: 23.849993
homes:
  home:
    world: world
    x: 379.0628803310634
    y: 57.0
    z: -109.17669569539224
    yaw: -282.96954
    pitch: 25.80001
logoutlocation:
  world: world
  x: 485.7079019536194
  y: 63.0
  z: -70.9831144497093
  yaw: 244.6499
  pitch: 21.299969
