timestamps:
  login: 1362793725305
  logout: 1362793878294
  lastteleport: 1362793828238
ipAddress: 75.64.96.238
lastlocation:
  world: realm
  x: 4029.474150799758
  y: 64.0
  z: -4026.215354634212
  yaw: -84.36835
  pitch: 18.300034
homes:
  home:
    world: world
    x: 379.0628803310634
    y: 57.0
    z: -109.17669569539224
    yaw: -282.96954
    pitch: 25.80001
logoutlocation:
  world: realm
  x: 4008.699999988079
  y: 64.0
  z: -4004.5054905982656
  yaw: -2.3183653
  pitch: -75.3
