timestamps:
  login: 1364068462024
  logout: 1364068670766
  lastteleport: 1364015645302
ipAddress: 75.64.96.238
lastlocation:
  world: realm
  x: 4045.137499988079
  y: 62.0
  z: -4033.6853487490826
  yaw: 210.23158
  pitch: 23.849993
homes:
  home:
    world: world
    x: 379.0628803310634
    y: 57.0
    z: -109.17669569539224
    yaw: -282.96954
    pitch: 25.80001
logoutlocation:
  world: world
  x: 356.7396849701889
  y: 74.0
  z: 38.53142623066156
  yaw: -276.8998
  pitch: 39.000015
