timestamps:
  login: 1361922766055
  logout: 1361924867407
  lastteleport: 1361924390890
ipAddress: 75.64.96.238
lastlocation:
  world: realm
  x: 4022.524510354339
  y: 63.0
  z: -4026.4463368840825
  yaw: -84.19556
  pitch: 11.416828
homes:
  home:
    world: world
    x: 379.0628803310634
    y: 57.0
    z: -109.17669569539224
    yaw: -282.96954
    pitch: 25.80001
logoutlocation:
  world: world
  x: 357.90470932894704
  y: 50.0
  z: -114.69399223526564
  yaw: -325.40192
  pitch: 21.187204
