timestamps:
  login: 1363048176582
  logout: 1363048278084
  lastteleport: 1363048205121
ipAddress: 75.64.96.238
lastlocation:
  world: realm
  x: 4023.304088924511
  y: 82.0
  z: -4023.34043256134
  yaw: 16.281647
  pitch: 32.549984
homes:
  home:
    world: world
    x: 379.0628803310634
    y: 57.0
    z: -109.17669569539224
    yaw: -282.96954
    pitch: 25.80001
logoutlocation:
  world: realm
  x: 4024.699999988079
  y: 64.0
  z: -4028.574999988079
  yaw: 203.48157
  pitch: -42.0
