timestamps:
  login: 1360883644071
  logout: 1360883904322
  lastteleport: 1360375822365
ipAddress: 75.64.96.238
lastlocation:
  world: world
  x: 360.5
  y: 49.69999998807907
  z: -109.57942829716742
  yaw: 142.11859
  pitch: 34.089607
homes:
  home:
    world: world
    x: 379.0628803310634
    y: 57.0
    z: -109.17669569539224
    yaw: -282.96954
    pitch: 25.80001
