timestamps:
  login: 1361572219162
  logout: 1361572291806
  lastteleport: 1360375822365
ipAddress: 75.64.96.238
lastlocation:
  world: world
  x: 362.91894131406525
  y: 50.0
  z: -114.5798667695784
  yaw: 159.97473
  pitch: 14.428802
homes:
  home:
    world: world
    x: 379.0628803310634
    y: 57.0
    z: -109.17669569539224
    yaw: -282.96954
    pitch: 25.80001
