timestamps:
  login: 1362092988731
  logout: 1362094226351
  lastteleport: 1361924390890
ipAddress: 75.64.96.238
lastlocation:
  world: realm
  x: 4022.524510354339
  y: 63.0
  z: -4026.4463368840825
  yaw: -84.19556
  pitch: 11.416828
homes:
  home:
    world: world
    x: 379.0628803310634
    y: 57.0
    z: -109.17669569539224
    yaw: -282.96954
    pitch: 25.80001
logoutlocation:
  world: realm
  x: 4395.99772473701
  y: 71.0155550727022
  z: -4118.48333181612
  yaw: -92.83557
  pitch: 3.9840107
