lastlocation:
  world: arena
  x: 800.4834644493078
  y: 33.5
  z: -1219.5414632923662
  yaw: 116.70024
  pitch: 19.649948
timestamps:
  login: 1361544952218
  logout: 1361545079778
ipAddress: 64.112.205.184
