id=42
owner=Gboy1726
title=Gboy1726
world=arena
x=799.6680615066583
y=33.5
z=-1220.9227771272922
pitch=43.521027
yaw=148.23712
assignee=*
