id=43
owner=BobMarker
title=How does one leave his skyblock?
world=skyworld
x=-225.65236928119893
y=125.0
z=-221.37992264613075
pitch=43.799957
yaw=-105.59444
assignee=*
